IID	group	genotype
1	1	2
2	1	1
3	1	2
4	1	1
5	1	1
6	1	1
7	1	2
8	1	2
9	1	2
10	1	1
11	1	1
12	1	1
13	1	1
14	1	1
15	1	2
16	1	1
17	1	1
18	1	2
19	1	3
20	1	1
21	1	2
22	1	1
23	1	1
24	1	2
25	1	2
26	1	1
27	1	2
28	1	1
29	1	2
30	1	2
31	1	1
32	1	2
33	1	1
34	1	1
35	1	1
36	1	1
37	1	1
38	1	1
39	1	1
40	1	1
41	1	1
42	1	2
43	1	1
44	1	3
45	1	1
46	1	1
47	1	2
48	1	1
49	1	1
50	1	2
51	1	1
52	1	1
53	1	1
54	1	2
55	1	1
56	1	1
57	1	1
58	1	1
59	1	1
60	1	1
61	1	1
62	1	1
63	1	2
64	1	1
65	1	1
66	1	1
67	1	2
68	1	1
69	1	2
70	1	2
71	1	1
72	1	1
73	1	1
74	1	2
75	1	1
76	1	2
77	1	1
78	1	1
79	1	1
80	1	1
81	1	1
82	1	1
83	1	1
84	1	1
85	1	2
86	1	1
87	1	1
88	1	1
89	1	2
90	1	1
91	1	1
92	1	1
93	1	2
94	1	1
95	1	1
96	1	1
97	1	2
98	1	2
99	1	2
100	1	1
101	1	1
102	1	1
103	1	1
104	1	1
105	1	1
106	1	1
107	1	2
108	1	1
109	1	2
110	1	2
111	1	1
112	1	2
113	1	1
114	1	1
115	1	1
116	1	1
117	1	2
118	1	1
119	1	1
120	1	1
121	1	2
122	1	1
123	1	1
124	1	2
125	1	1
126	1	1
127	1	1
128	1	1
129	1	3
130	1	1
131	1	1
132	1	1
133	1	3
134	1	1
135	1	1
136	1	2
137	1	1
138	1	1
139	1	1
140	1	2
141	1	1
142	1	1
143	1	2
144	1	1
145	1	1
146	1	2
147	1	2
148	1	1
149	1	1
150	1	2
151	1	1
152	1	2
153	1	1
154	1	1
155	1	1
156	1	1
157	1	2
158	1	3
159	1	1
160	1	1
161	1	1
162	1	1
163	1	2
164	1	1
165	1	1
166	1	2
167	1	1
168	1	1
169	1	1
170	1	1
171	1	2
172	1	1
173	1	2
174	1	1
175	1	1
176	1	1
177	1	2
178	1	2
179	1	2
180	1	1
181	1	1
182	1	1
183	1	1
184	1	1
185	1	2
186	1	2
187	1	1
188	1	1
189	1	2
190	1	1
191	1	1
192	1	1
193	1	1
194	1	1
195	1	1
196	1	1
197	1	1
198	1	1
199	1	1
200	1	1
201	1	1
202	1	1
203	1	2
204	1	1
205	1	1
206	1	1
207	1	2
208	1	1
209	1	3
210	1	1
211	1	1
212	1	2
213	1	2
214	1	1
215	1	3
216	1	2
217	1	1
218	1	2
219	1	3
220	1	1
221	1	1
222	1	1
223	1	2
224	1	2
225	1	1
226	1	1
227	1	3
228	1	2
229	1	1
230	1	1
231	1	1
232	1	1
233	1	2
234	1	1
235	1	2
236	1	2
237	1	1
238	1	2
239	1	1
240	1	1
241	1	2
242	1	1
243	1	2
244	1	2
245	1	1
246	1	1
247	1	2
248	1	2
249	1	1
250	1	1
251	1	1
252	1	2
253	1	1
254	1	2
255	1	3
256	1	1
257	1	2
258	1	1
259	1	1
260	1	2
261	1	2
262	1	1
263	1	2
264	1	1
265	1	3
266	1	1
267	1	2
268	1	1
269	1	1
270	1	1
271	1	2
272	1	1
273	1	1
274	1	3
275	1	1
276	1	1
277	1	1
278	1	2
279	1	1
280	1	2
281	1	1
282	1	2
283	1	2
284	1	2
285	1	2
286	1	2
287	1	1
288	1	1
289	1	1
290	1	1
291	1	2
292	1	1
293	1	1
294	1	1
295	1	1
296	1	2
297	1	1
298	1	1
299	1	2
300	1	1
301	1	1
302	1	1
303	1	2
304	1	1
305	1	1
306	1	1
307	1	2
308	1	1
309	1	2
310	1	1
311	1	2
312	1	1
313	1	1
314	1	1
315	1	1
316	1	1
317	1	1
318	1	2
319	1	1
320	1	2
321	1	1
322	1	2
323	1	1
324	1	1
325	1	2
326	1	1
327	1	1
328	1	2
329	1	2
330	1	2
331	1	2
332	1	2
333	1	2
334	1	3
335	1	2
336	1	1
337	1	2
338	1	1
339	1	1
340	1	2
341	1	2
342	1	1
343	1	1
344	1	1
345	1	1
346	1	2
347	1	1
348	1	1
349	1	2
350	1	2
351	1	1
352	1	1
353	1	1
354	1	2
355	1	1
356	1	2
357	1	1
358	1	1
359	1	1
360	1	2
361	1	2
362	1	1
363	1	1
364	1	1
365	1	1
366	1	1
367	1	1
368	1	1
369	1	1
370	1	2
371	1	1
372	1	2
373	1	2
374	1	1
375	1	1
376	1	1
377	1	2
378	1	1
379	1	1
380	1	2
381	1	1
382	1	1
383	1	2
384	1	1
385	1	1
386	1	1
387	1	1
388	1	1
389	1	1
390	1	1
391	1	1
392	1	1
393	1	1
394	1	3
395	1	1
396	1	1
397	1	1
398	1	1
399	1	1
400	1	1
401	1	1
402	1	1
403	1	1
404	1	1
405	1	1
406	1	1
407	1	1
408	1	1
409	1	1
410	1	1
411	1	1
412	1	1
413	1	1
414	1	1
415	1	1
416	1	1
417	1	1
418	1	1
419	1	2
420	1	1
421	1	1
422	1	1
423	1	2
424	1	2
425	1	1
426	1	2
427	1	1
428	1	1
429	1	1
430	1	1
431	1	1
432	1	1
433	1	2
434	1	1
435	1	2
436	1	1
437	1	1
438	1	1
439	1	2
440	1	1
441	1	2
442	1	1
443	1	1
444	1	1
445	1	2
446	1	1
447	1	3
448	1	1
449	1	1
450	1	1
451	1	1
452	1	1
453	1	1
454	1	2
455	1	1
456	1	1
457	1	3
458	1	2
459	1	1
460	1	1
461	1	1
462	1	2
463	1	2
464	1	2
465	1	1
466	1	1
467	1	1
468	1	2
469	1	1
470	1	1
471	1	2
472	1	2
473	1	3
474	1	1
475	1	1
476	1	1
477	1	2
478	1	1
479	1	1
480	1	2
481	1	1
482	1	2
483	1	1
484	1	1
485	1	2
486	1	1
487	1	2
488	1	2
489	1	1
490	1	1
491	1	2
492	1	1
493	1	1
494	1	2
495	1	1
496	1	1
497	1	1
498	1	1
499	1	2
500	1	2
501	1	2
502	1	2
503	1	1
504	1	1
505	1	1
506	1	1
507	1	2
508	1	1
509	1	1
510	1	2
511	1	2
512	1	1
513	1	1
514	1	1
515	1	2
516	1	1
517	1	2
518	1	1
519	1	1
520	1	1
521	1	1
522	1	2
523	1	2
524	1	1
525	1	1
526	1	1
527	1	1
528	1	1
529	1	1
530	1	2
531	1	1
532	1	1
533	1	1
534	1	1
535	1	1
536	1	1
537	1	2
538	1	1
539	1	1
540	1	1
541	1	1
542	1	1
543	1	2
544	1	3
545	1	1
546	1	1
547	1	1
548	1	1
549	1	2
550	1	1
551	1	1
552	1	1
553	1	1
554	1	1
555	1	2
556	1	3
557	1	1
558	1	1
559	1	1
560	1	1
561	1	1
562	1	2
563	1	1
564	1	1
565	1	2
566	1	1
567	1	1
568	1	1
569	1	2
570	1	2
571	1	2
572	1	2
573	1	2
574	1	1
575	1	1
576	1	1
577	1	1
578	1	2
579	1	1
580	1	1
581	1	1
582	1	2
583	1	1
584	1	2
585	1	2
586	1	1
587	1	1
588	1	1
589	1	1
590	1	1
591	1	1
592	1	1
593	1	1
594	1	1
595	1	1
596	1	1
597	1	1
598	1	1
599	1	1
600	1	1
601	1	1
602	1	2
603	1	2
604	1	1
605	1	2
606	1	1
607	1	1
608	1	2
609	1	1
610	1	2
611	1	1
612	1	1
613	1	1
614	1	1
615	1	1
616	1	1
617	1	1
618	1	1
619	1	1
620	1	1
621	1	1
622	1	1
623	1	2
624	1	1
625	1	2
626	1	2
627	1	1
628	1	1
629	1	1
630	1	1
631	1	1
632	1	2
633	1	3
634	1	1
635	1	1
636	1	1
637	1	1
638	1	2
639	1	2
640	1	2
641	1	1
642	1	1
643	1	1
644	1	1
645	1	1
646	1	1
647	1	2
648	1	2
649	1	2
650	1	1
651	1	1
652	1	2
653	1	1
654	1	1
655	1	2
656	1	1
657	1	1
658	1	1
659	1	1
660	1	2
661	1	1
662	1	1
663	1	1
664	1	3
665	1	1
666	1	2
667	1	1
668	1	2
669	1	1
670	1	1
671	1	1
672	1	1
673	1	1
674	1	1
675	1	1
676	1	1
677	1	1
678	1	2
679	1	2
680	1	1
681	1	1
682	1	1
683	1	1
684	1	1
685	1	1
686	1	2
687	1	1
688	1	1
689	1	2
690	1	1
691	1	1
692	1	2
693	1	1
694	1	1
695	1	2
696	1	2
697	1	1
698	1	1
699	1	1
700	1	2
701	1	1
702	1	1
703	1	1
704	1	1
705	1	1
706	1	1
707	1	1
708	1	1
709	1	1
710	1	1
711	1	1
712	1	1
713	1	2
714	1	2
715	1	2
716	1	2
717	1	1
718	1	1
719	1	2
720	1	1
721	1	1
722	1	1
723	1	2
724	1	2
725	1	1
726	1	1
727	1	1
728	1	1
729	1	1
730	1	2
731	1	3
732	1	2
733	1	1
734	1	1
735	1	1
736	1	1
737	1	1
738	1	1
739	1	2
740	1	1
741	1	2
742	1	1
743	1	1
744	1	1
745	1	1
746	1	2
747	1	3
748	1	1
749	1	1
750	1	1
751	1	1
752	1	2
753	1	2
754	1	1
755	1	1
756	1	1
757	1	1
758	1	2
759	1	1
760	1	1
761	1	1
762	1	1
763	1	1
764	1	1
765	1	1
766	1	1
767	1	2
768	1	1
769	1	2
770	1	1
771	1	1
772	1	1
773	1	1
774	1	1
775	1	1
776	1	2
777	1	2
778	1	2
779	1	2
780	1	1
781	1	1
782	1	3
783	1	1
784	1	1
785	1	1
786	1	1
787	1	1
788	1	2
789	1	1
790	1	1
791	1	1
792	1	2
793	1	2
794	1	2
795	1	2
796	1	2
797	1	2
798	1	2
799	1	2
800	1	1
801	1	2
802	1	1
803	1	2
804	1	1
805	1	1
806	1	2
807	1	1
808	1	1
809	1	2
810	1	1
811	1	1
812	1	2
813	1	3
814	1	2
815	1	1
816	1	2
817	1	2
818	1	1
819	1	2
820	1	2
821	1	1
822	1	1
823	1	1
824	1	2
825	1	2
826	1	1
827	1	1
828	1	2
829	1	2
830	1	1
831	1	2
832	1	1
833	1	2
834	1	2
835	1	1
836	1	2
837	1	3
838	1	1
839	1	2
840	1	1
841	1	1
842	1	1
843	1	2
844	1	1
845	1	1
846	1	1
847	1	1
848	1	1
849	1	1
850	1	1
851	1	1
852	1	1
853	1	1
854	1	2
855	1	2
856	1	3
857	1	2
858	1	1
859	1	2
860	1	1
861	1	2
862	1	1
863	1	3
864	1	1
865	1	1
866	1	2
867	1	1
868	1	1
869	1	1
870	1	2
871	1	2
872	1	2
873	1	2
874	1	2
875	1	1
876	1	1
877	1	1
878	1	1
879	1	2
880	1	1
881	1	2
882	1	1
883	1	1
884	1	1
885	1	1
886	1	1
887	1	2
888	1	1
889	1	2
890	1	1
891	1	2
892	1	2
893	1	1
894	1	1
895	1	1
896	1	1
897	1	2
898	1	1
899	1	2
900	1	1
901	1	2
902	1	2
903	1	1
904	1	1
905	1	3
906	1	1
907	1	1
908	1	2
909	1	1
910	1	1
911	1	1
912	1	2
913	1	1
914	1	2
915	1	1
916	1	2
917	1	2
918	1	1
919	1	1
920	1	2
921	1	1
922	1	2
923	1	1
924	1	1
925	1	2
926	1	1
927	1	1
928	1	1
929	1	1
930	1	1
931	1	1
932	1	1
933	1	1
934	1	3
935	1	2
936	1	1
937	1	1
938	1	2
939	1	1
940	1	2
941	1	1
942	1	1
943	1	2
944	1	1
945	1	2
946	1	1
947	1	1
948	1	2
949	1	1
950	1	2
951	1	2
952	1	1
953	1	2
954	1	1
955	1	2
956	1	1
957	1	1
958	1	1
959	1	1
960	1	2
961	1	2
962	1	1
963	1	1
964	1	1
965	1	1
966	1	1
967	1	1
968	1	1
969	1	2
970	1	1
971	1	3
972	1	1
973	1	2
974	1	2
975	1	2
976	1	1
977	1	2
978	1	1
979	1	1
980	1	2
981	1	2
982	1	2
983	1	1
984	1	1
985	1	2
986	1	1
987	1	2
988	1	2
989	1	1
990	1	2
991	1	1
992	1	1
993	1	1
994	1	1
995	1	1
996	1	1
997	1	2
998	1	1
999	1	1
1000	1	1
1001	1	2
1002	1	1
1003	1	1
1004	1	2
1005	1	1
1006	1	2
1007	1	1
1008	1	2
1009	1	1
1010	1	2
1011	1	2
1012	1	2
1013	1	1
1014	1	1
1015	1	2
1016	1	2
1017	1	1
1018	1	2
1019	1	1
1020	1	1
1021	1	1
1022	1	1
1023	1	1
1024	1	2
1025	1	1
1026	1	2
1027	1	1
1028	1	2
1029	1	2
1030	1	1
1031	1	2
1032	1	2
1033	1	2
1034	1	1
1035	1	1
1036	1	1
1037	1	2
1038	1	1
1039	1	2
1040	1	2
1041	1	2
1042	1	2
1043	1	1
1044	1	2
1045	1	2
1046	1	2
1047	1	1
1048	1	1
1049	1	1
1050	1	1
1051	1	1
1052	1	2
1053	1	1
1054	1	2
1055	1	1
1056	1	1
1057	1	2
1058	1	1
1059	1	1
1060	1	2
1061	1	2
1062	1	2
1063	1	1
1064	1	1
1065	1	1
1066	1	1
1067	1	1
1068	1	1
1069	1	1
1070	1	1
1071	1	1
1072	1	1
1073	1	1
1074	1	1
1075	1	1
1076	1	1
1077	1	1
1078	1	2
1079	1	1
1080	1	1
1081	1	1
1082	1	1
1083	1	2
1084	1	1
1085	1	3
1086	1	1
1087	1	2
1088	1	1
1089	1	2
1090	1	2
1091	1	2
1092	1	1
1093	1	2
1094	1	3
1095	1	2
1096	1	1
1097	1	3
1098	1	2
1099	1	1
1100	1	1
1101	1	1
1102	1	1
1103	1	2
1104	1	1
1105	1	1
1106	1	1
1107	1	1
1108	1	2
1109	1	3
1110	1	1
1111	1	1
1112	1	2
1113	1	1
1114	1	1
1115	1	1
1116	1	1
1117	1	1
1118	1	1
1119	1	3
1120	1	1
1121	1	1
1122	1	1
1123	1	2
1124	1	1
1125	1	2
1126	1	1
1127	1	2
1128	1	2
1129	1	1
1130	1	1
1131	1	2
1132	1	2
1133	1	1
1134	1	2
1135	1	1
1136	1	1
1137	1	1
1138	1	2
1139	1	1
1140	1	1
1141	1	2
1142	1	1
1143	1	1
1144	1	2
1145	1	2
1146	1	2
1147	1	2
1148	1	1
1149	1	2
1150	1	1
1151	1	1
1152	1	1
1153	1	1
1154	1	1
1155	1	2
1156	1	1
1157	1	1
1158	1	1
1159	1	1
1160	1	2
1161	1	1
1162	1	3
1163	1	1
1164	1	1
1165	1	1
1166	1	1
1167	1	1
1168	1	1
1169	1	1
1170	1	1
1171	1	1
1172	1	1
1173	1	3
1174	1	1
1175	1	1
1176	1	1
1177	1	2
1178	1	1
1179	1	2
1180	1	1
1181	1	1
1182	1	1
1183	1	1
1184	1	2
1185	1	1
1186	1	1
1187	1	1
1188	1	2
1189	1	3
1190	1	3
1191	1	2
1192	1	1
1193	1	2
1194	1	1
1195	1	1
1196	1	1
1197	1	1
1198	1	1
1199	1	1
1200	1	2
1201	1	1
1202	1	1
1203	1	1
1204	1	1
1205	1	3
1206	1	1
1207	1	1
1208	1	2
1209	1	1
1210	1	1
1211	1	1
1212	1	2
1213	1	1
1214	1	2
1215	1	1
1216	1	2
1217	1	2
1218	1	2
1219	1	1
1220	1	1
1221	1	1
1222	1	1
1223	1	1
1224	1	1
1225	1	1
1226	1	1
1227	1	1
1228	1	3
1229	1	1
1230	1	1
1231	1	2
1232	1	2
1233	1	2
1234	1	1
1235	1	1
1236	1	1
1237	1	1
1238	1	2
1239	1	2
1240	1	1
1241	1	1
1242	1	1
1243	1	1
1244	1	1
1245	1	1
1246	1	1
1247	1	1
1248	1	1
1249	1	1
1250	1	1
1251	1	1
1252	1	1
1253	1	2
1254	1	1
1255	1	2
1256	1	1
1257	1	2
1258	1	1
1259	1	1
1260	1	1
1261	1	2
1262	1	1
1263	1	1
1264	1	1
1265	1	1
1266	1	1
1267	1	1
1268	1	1
1269	1	1
1270	1	1
1271	1	1
1272	1	2
1273	1	1
1274	1	1
1275	1	2
1276	1	1
1277	1	1
1278	1	1
1279	1	1
1280	1	1
1281	1	1
1282	1	2
1283	1	3
1284	1	1
1285	1	1
1286	1	1
1287	1	1
1288	1	2
1289	1	1
1290	1	1
1291	1	1
1292	1	1
1293	1	1
1294	1	1
1295	1	1
1296	1	2
1297	1	1
1298	1	1
1299	1	1
1300	1	1
1301	1	2
1302	1	1
1303	1	2
1304	1	2
1305	1	1
1306	1	1
1307	1	1
1308	1	1
1309	1	2
1310	1	1
1311	1	1
1312	1	1
1313	1	1
1314	1	1
1315	1	3
1316	1	1
1317	1	1
1318	1	1
1319	1	2
1320	1	1
1321	1	2
1322	1	2
1323	1	1
1324	1	1
1325	1	1
1326	1	1
1327	1	1
1328	1	1
1329	1	1
1330	1	2
1331	1	2
1332	1	2
1333	1	1
1334	1	1
1335	1	1
1336	1	1
1337	1	1
1338	1	1
1339	1	1
1340	1	2
1341	1	2
1342	1	1
1343	1	1
1344	1	1
1345	1	1
1346	1	1
1347	1	1
1348	1	1
1349	1	1
1350	1	1
1351	1	2
1352	1	1
1353	1	2
1354	1	2
1355	1	1
1356	1	1
1357	1	1
1358	1	2
1359	1	1
1360	1	1
1361	1	2
1362	1	2
1363	1	2
1364	1	1
1365	1	1
1366	1	1
1367	1	2
1368	1	1
1369	1	2
1370	1	1
1371	1	2
1372	1	1
1373	1	1
1374	1	2
1375	1	2
1376	1	1
1377	1	1
1378	1	1
1379	1	2
1380	1	1
1381	1	1
1382	1	1
1383	1	1
1384	1	1
1385	1	2
1386	1	2
1387	1	1
1388	1	2
1389	1	2
1390	1	3
1391	1	1
1392	1	2
1393	1	2
1394	1	1
1395	1	1
1396	1	2
1397	1	2
1398	1	1
1399	1	2
1400	1	1
1401	1	2
1402	1	1
1403	1	1
1404	1	1
1405	1	1
1406	1	1
1407	1	1
1408	1	1
1409	1	2
1410	1	2
1411	1	2
1412	1	1
1413	1	2
1414	1	1
1415	1	1
1416	1	1
1417	1	1
1418	1	2
1419	1	1
1420	1	1
1421	1	2
1422	1	1
1423	1	1
1424	1	1
1425	1	2
1426	1	1
1427	1	1
1428	1	1
1429	1	2
1430	1	1
1431	1	1
1432	1	1
1433	1	1
1434	1	1
1435	1	1
1436	1	2
1437	1	1
1438	1	2
1439	1	2
1440	1	1
1441	1	1
1442	1	2
1443	1	1
1444	1	2
1445	1	1
1446	1	1
1447	1	1
1448	1	1
1449	1	1
1450	1	2
1451	1	2
1452	1	2
1453	1	1
1454	1	1
1455	1	1
1456	1	2
1457	1	1
1458	1	1
1459	1	1
1460	1	1
1461	1	1
1462	1	1
1463	1	1
1464	1	2
1465	1	1
1466	1	1
1467	1	2
1468	1	1
1469	1	1
1470	1	3
1471	1	1
1472	1	1
1473	1	1
1474	1	1
1475	1	1
1476	1	1
1477	1	1
1478	1	1
1479	1	2
1480	1	1
1481	1	1
1482	1	1
1483	1	1
1484	1	2
1485	1	2
1486	1	2
1487	1	2
1488	1	2
1489	1	1
1490	1	1
1491	1	1
1492	1	1
1493	1	1
1494	1	1
1495	1	1
1496	1	1
1497	1	2
1498	1	1
1499	1	3
1500	1	2
1501	1	3
1502	1	1
1503	1	1
1504	1	1
1505	1	2
1506	1	1
1507	1	3
1508	1	2
1509	1	1
1510	1	1
1511	1	1
1512	1	1
1513	1	1
1514	1	1
1515	1	1
1516	1	1
1517	1	1
1518	1	1
1519	1	1
1520	1	2
1521	1	1
1522	1	2
1523	1	2
1524	1	1
1525	1	1
1526	1	1
1527	1	1
1528	1	1
1529	1	1
1530	1	1
1531	1	2
1532	1	1
1533	1	1
1534	1	1
1535	1	1
1536	1	1
1537	1	1
1538	1	1
1539	1	1
1540	1	2
1541	1	1
1542	1	2
1543	1	2
1544	1	2
1545	1	1
1546	1	3
1547	1	1
1548	1	1
1549	1	2
1550	1	2
1551	1	3
1552	1	2
1553	1	1
1554	1	1
1555	1	1
1556	1	2
1557	1	1
1558	1	1
1559	1	1
1560	1	1
1561	1	3
1562	1	1
1563	1	1
1564	1	1
1565	1	1
1566	1	1
1567	1	1
1568	1	1
1569	1	3
1570	1	1
1571	1	1
1572	1	2
1573	1	2
1574	1	2
1575	1	2
1576	1	1
1577	1	2
1578	1	1
1579	1	1
1580	1	2
1581	1	2
1582	1	1
1583	1	2
1584	1	2
1585	1	2
1586	1	1
1587	1	1
1588	1	2
1589	1	1
1590	1	1
1591	1	1
1592	1	1
1593	1	1
1594	1	1
1595	1	1
1596	1	2
1597	1	1
1598	1	1
1599	1	1
1600	1	1
1601	1	1
1602	1	1
1603	1	1
1604	1	1
1605	1	1
1606	1	2
1607	1	1
1608	1	2
1609	1	2
1610	1	1
1611	1	1
1612	1	1
1613	1	1
1614	1	1
1615	1	2
1616	1	2
1617	1	2
1618	1	1
1619	1	1
1620	1	2
1621	1	3
1622	1	2
1623	1	1
1624	1	1
1625	1	1
1626	1	1
1627	1	2
1628	1	1
1629	1	1
1630	1	1
1631	1	1
1632	1	1
1633	1	1
1634	1	1
1635	1	1
1636	1	1
1637	1	1
1638	1	2
1639	1	1
1640	1	1
1641	1	1
1642	1	1
1643	1	1
1644	1	1
1645	1	2
1646	1	1
1647	1	2
1648	1	1
1649	1	1
1650	1	1
1651	1	1
1652	1	1
1653	1	1
1654	1	2
1655	1	1
1656	1	1
1657	1	2
1658	1	1
1659	1	1
1660	1	1
1661	1	1
1662	1	1
1663	1	1
1664	1	1
1665	1	1
1666	1	1
1667	1	1
1668	1	1
1669	1	1
1670	1	1
1671	1	1
1672	1	2
1673	1	3
1674	1	2
1675	1	1
1676	1	2
1677	1	1
1678	1	2
1679	1	1
1680	1	1
1681	1	2
1682	1	1
1683	1	1
1684	1	1
1685	1	1
1686	1	1
1687	1	1
1688	1	2
1689	1	1
1690	1	3
1691	1	2
1692	1	1
1693	1	2
1694	1	1
1695	1	1
1696	1	1
1697	1	1
1698	1	1
1699	1	1
1700	1	2
1701	1	1
1702	1	2
1703	1	1
1704	1	1
1705	1	2
1706	1	2
1707	1	2
1708	1	1
1709	1	1
1710	1	2
1711	1	1
1712	1	1
1713	1	1
1714	1	2
1715	1	1
1716	1	2
1717	1	1
1718	1	3
1719	1	1
1720	1	2
1721	1	2
1722	1	2
1723	1	1
1724	1	1
1725	1	1
1726	1	1
1727	1	1
1728	1	1
1729	1	1
1730	1	1
1731	1	1
1732	1	1
1733	1	1
1734	1	2
1735	1	1
1736	1	2
1737	1	1
1738	1	1
1739	1	1
1740	1	2
1741	1	2
1742	1	1
1743	1	1
1744	1	1
1745	1	1
1746	1	1
1747	1	1
1748	1	1
1749	1	1
1750	1	3
1751	1	2
1752	1	1
1753	1	3
1754	1	1
1755	1	2
1756	1	1
1757	1	1
1758	1	1
1759	1	1
1760	1	1
1761	1	2
1762	1	1
1763	1	2
1764	1	1
1765	1	3
1766	1	2
1767	1	1
1768	1	1
1769	1	1
1770	1	1
1771	1	1
1772	1	2
1773	1	1
1774	1	2
1775	1	2
1776	1	2
1777	1	1
1778	1	3
1779	1	1
1780	1	2
1781	1	1
1782	1	1
1783	1	1
1784	1	1
1785	1	2
1786	1	2
1787	1	1
1788	1	2
1789	1	1
1790	1	2
1791	1	1
1792	1	1
1793	1	1
1794	1	2
1795	1	2
1796	1	2
1797	1	1
1798	1	1
1799	1	1
1800	1	1
1801	1	2
1802	1	1
1803	1	2
1804	1	1
1805	1	1
1806	1	2
1807	1	1
1808	1	2
1809	1	2
1810	1	2
1811	1	2
1812	1	2
1813	1	3
1814	1	1
1815	1	1
1816	1	1
1817	1	2
1818	1	1
1819	1	1
1820	1	2
1821	1	2
1822	1	1
1823	1	1
1824	1	2
1825	1	1
1826	1	2
1827	1	2
1828	1	1
1829	1	2
1830	1	1
1831	1	1
1832	1	2
1833	1	2
1834	1	1
1835	1	2
1836	1	1
1837	1	1
1838	1	2
1839	1	1
1840	1	1
1841	1	2
1842	1	2
1843	1	1
1844	1	3
1845	1	1
1846	1	1
1847	1	1
1848	1	1
1849	1	1
1850	1	1
1851	1	1
1852	1	1
1853	1	2
1854	1	1
1855	1	1
1856	1	2
1857	1	2
1858	1	1
1859	1	1
1860	1	1
1861	1	2
1862	1	1
1863	1	1
1864	1	2
1865	1	2
1866	1	1
1867	1	1
1868	1	1
1869	1	1
1870	1	1
1871	1	1
1872	1	1
1873	1	1
1874	1	1
1875	1	1
1876	1	1
1877	1	1
1878	1	1
1879	1	1
1880	1	1
1881	1	1
1882	1	1
1883	1	2
1884	1	1
1885	1	1
1886	1	1
1887	1	1
1888	1	2
1889	1	1
1890	1	1
1891	1	1
1892	1	2
1893	1	2
1894	1	3
1895	1	1
1896	1	1
1897	1	2
1898	1	2
1899	1	2
1900	1	1
1901	1	2
1902	1	1
1903	1	1
1904	1	1
1905	1	3
1906	1	1
1907	1	1
1908	1	2
1909	1	2
1910	1	1
1911	1	1
1912	1	2
1913	1	2
1914	1	1
1915	1	1
1916	1	1
1917	1	2
1918	1	2
1919	1	1
1920	1	1
1921	1	2
1922	1	1
1923	1	1
1924	1	1
1925	1	1
1926	1	2
1927	1	1
1928	1	1
1929	1	1
1930	1	1
1931	1	1
1932	1	1
1933	1	1
1934	1	1
1935	1	1
1936	1	2
1937	1	1
1938	1	1
1939	1	1
1940	1	1
1941	1	1
1942	1	1
1943	1	1
1944	1	1
1945	1	1
1946	1	1
1947	1	1
1948	1	2
1949	1	2
1950	1	1
1951	1	1
1952	1	2
1953	1	1
1954	1	1
1955	1	2
1956	1	1
1957	1	1
1958	1	3
1959	1	2
1960	1	1
1961	1	2
1962	1	1
1963	1	1
1964	1	1
1965	1	1
1966	1	1
1967	1	1
1968	1	3
1969	1	2
1970	1	1
1971	1	2
1972	1	2
1973	1	2
1974	1	1
1975	1	1
1976	1	2
1977	1	1
1978	1	1
1979	1	2
1980	1	2
1981	1	1
1982	1	1
1983	1	1
1984	1	2
1985	1	1
1986	1	1
1987	1	2
1988	1	2
1989	1	2
1990	1	1
1991	1	2
1992	1	2
1993	1	1
1994	1	1
1995	1	2
1996	1	1
1997	1	1
1998	1	1
1999	1	1
2000	1	1
2001	1	2
2002	1	2
2003	1	2
2004	1	1
2005	1	1
2006	1	2
2007	1	1
2008	1	2
2009	1	2
2010	1	1
2011	1	1
2012	1	2
2013	1	1
2014	1	1
2015	1	2
2016	1	2
2017	1	1
2018	1	1
2019	1	1
2020	1	1
2021	1	1
2022	1	2
2023	1	1
2024	1	1
2025	1	1
2026	1	1
2027	1	1
2028	1	2
2029	1	1
2030	1	2
2031	1	2
2032	1	1
2033	1	1
2034	1	1
2035	1	1
2036	1	1
2037	1	1
2038	1	1
2039	1	1
2040	1	1
2041	1	1
2042	1	2
2043	1	1
2044	1	1
2045	1	1
2046	1	1
2047	1	3
2048	1	2
2049	1	1
2050	1	1
2051	1	1
2052	1	2
2053	1	2
2054	1	2
2055	1	1
2056	1	2
2057	1	3
2058	1	2
2059	1	1
2060	1	1
2061	1	1
2062	1	1
2063	1	1
2064	1	1
2065	1	1
2066	1	1
2067	1	1
2068	1	2
2069	1	2
2070	1	1
2071	1	1
2072	1	1
2073	1	1
2074	1	3
2075	1	1
2076	1	3
2077	1	1
2078	1	2
2079	1	1
2080	1	2
2081	1	2
2082	1	1
2083	1	1
2084	1	1
2085	1	1
2086	1	2
2087	1	2
2088	1	1
2089	1	1
2090	1	2
2091	1	2
2092	1	2
2093	1	1
2094	1	1
2095	1	1
2096	1	2
2097	1	1
2098	1	2
2099	1	1
2100	1	2
2101	1	1
2102	1	1
2103	1	1
2104	1	2
2105	1	1
2106	1	1
2107	1	2
2108	1	2
2109	1	3
2110	1	1
2111	1	1
2112	1	2
2113	1	1
2114	1	2
2115	1	1
2116	1	1
2117	1	1
2118	1	1
2119	1	1
2120	1	1
2121	1	2
2122	1	2
2123	1	1
2124	1	2
2125	1	1
2126	1	1
2127	1	1
2128	1	2
2129	1	2
2130	1	2
2131	1	1
2132	1	1
2133	1	1
2134	1	1
2135	1	1
2136	1	1
2137	1	2
2138	1	1
2139	1	1
2140	1	1
2141	1	1
2142	1	2
2143	1	2
2144	1	2
2145	1	1
2146	1	1
2147	1	1
2148	1	1
2149	1	2
2150	1	1
2151	1	1
2152	1	2
2153	1	1
2154	1	1
2155	1	1
2156	1	1
2157	1	1
2158	1	1
2159	1	1
2160	1	2
2161	1	2
2162	1	1
2163	1	1
2164	1	1
2165	1	2
2166	1	1
2167	1	2
2168	1	1
2169	1	2
2170	1	1
2171	1	1
2172	1	2
2173	1	2
2174	1	2
2175	1	3
2176	1	2
2177	1	1
2178	1	2
2179	1	1
2180	1	2
2181	1	3
2182	1	1
2183	1	1
2184	1	3
2185	1	1
2186	1	2
2187	1	1
2188	1	1
2189	1	1
2190	1	1
2191	1	2
2192	1	1
2193	1	2
2194	1	1
2195	1	3
2196	1	1
2197	1	3
2198	1	1
2199	1	2
2200	1	2
2201	1	1
2202	1	2
2203	1	2
2204	1	1
2205	1	2
2206	1	1
2207	1	1
2208	1	1
2209	1	2
2210	1	1
2211	1	2
2212	1	2
2213	1	2
2214	1	1
2215	1	1
2216	1	1
2217	1	3
2218	1	2
2219	1	1
2220	1	2
2221	1	1
2222	1	1
2223	1	1
2224	1	1
2225	1	2
2226	1	1
2227	1	1
2228	1	1
2229	1	1
2230	1	1
2231	1	1
2232	1	1
2233	1	1
2234	1	2
2235	1	2
2236	1	1
2237	1	2
2238	1	1
2239	1	1
2240	1	2
2241	1	2
2242	1	2
2243	1	1
2244	1	2
2245	1	1
2246	1	1
2247	1	1
2248	1	1
2249	1	1
2250	1	2
2251	1	1
2252	1	1
2253	1	1
2254	1	2
2255	1	2
2256	1	1
2257	1	1
2258	1	1
2259	1	1
2260	1	2
2261	1	1
2262	1	1
2263	1	2
2264	1	1
2265	1	1
2266	1	2
2267	1	2
2268	1	2
2269	1	1
2270	1	1
2271	1	2
2272	1	1
2273	1	1
2274	1	1
2275	1	1
2276	1	1
2277	1	1
2278	1	1
2279	1	2
2280	1	1
2281	1	1
2282	1	2
2283	1	1
2284	1	1
2285	1	1
2286	1	2
2287	1	1
2288	1	1
2289	1	1
2290	1	1
2291	1	1
2292	1	1
2293	1	2
2294	1	2
2295	1	1
2296	1	2
2297	1	2
2298	1	2
2299	1	2
2300	1	1
2301	1	1
2302	1	1
2303	1	2
2304	1	1
2305	1	1
2306	1	1
2307	1	2
2308	1	1
2309	1	1
2310	1	1
2311	1	1
2312	1	1
2313	1	1
2314	1	1
2315	1	1
2316	1	1
2317	1	1
2318	1	2
2319	1	1
2320	1	2
2321	1	2
2322	1	1
2323	1	2
2324	1	1
2325	1	1
2326	1	1
2327	1	2
2328	1	1
2329	1	1
2330	1	2
2331	1	1
2332	1	1
2333	1	1
2334	1	2
2335	1	1
2336	1	1
2337	1	1
2338	1	1
2339	1	1
2340	1	2
2341	1	2
2342	1	1
2343	1	1
2344	1	2
2345	1	1
2346	1	2
2347	1	1
2348	1	1
2349	1	1
2350	1	2
2351	1	1
2352	1	1
2353	1	1
2354	1	2
2355	1	1
2356	1	1
2357	1	1
2358	1	2
2359	1	3
2360	1	2
2361	1	1
2362	1	1
2363	1	1
2364	1	1
2365	1	1
2366	1	2
2367	1	1
2368	1	3
2369	1	1
2370	1	1
2371	1	3
2372	1	2
2373	1	1
2374	1	2
2375	1	1
2376	1	1
2377	1	1
2378	1	2
2379	1	2
2380	1	1
2381	1	1
2382	1	1
2383	1	2
2384	1	2
2385	1	2
2386	1	2
2387	1	1
2388	1	1
2389	1	2
2390	1	1
2391	1	1
2392	1	1
2393	1	2
2394	1	2
2395	1	2
2396	1	2
2397	1	1
2398	1	1
2399	1	2
2400	1	2
2401	1	2
2402	1	2
2403	1	1
2404	1	1
2405	1	1
2406	1	1
2407	1	2
2408	1	2
2409	1	1
2410	1	2
2411	1	1
2412	1	1
2413	1	1
2414	1	2
2415	1	2
2416	1	1
2417	1	1
2418	1	2
2419	1	1
2420	1	1
2421	1	1
2422	1	1
2423	1	2
2424	1	1
2425	1	1
2426	1	1
2427	1	2
2428	1	1
2429	1	1
2430	1	1
2431	1	2
2432	1	1
2433	1	2
2434	1	2
2435	1	1
2436	1	1
2437	1	2
2438	1	1
2439	1	1
2440	1	1
2441	1	2
2442	1	1
2443	1	2
2444	1	1
2445	1	2
2446	1	2
2447	1	2
2448	1	2
2449	1	2
2450	1	1
2451	1	1
2452	1	2
2453	1	1
2454	1	1
2455	1	1
2456	1	1
2457	1	1
2458	1	2
2459	1	2
2460	1	1
2461	1	1
2462	1	2
2463	1	1
2464	1	1
2465	1	1
2466	1	2
2467	1	2
2468	1	1
2469	1	1
2470	1	2
2471	1	1
2472	1	1
2473	1	1
2474	1	3
2475	1	2
2476	1	1
2477	1	1
2478	1	1
2479	1	1
2480	1	1
2481	1	1
2482	1	2
2483	1	1
2484	1	1
2485	1	2
2486	1	1
2487	1	1
2488	1	3
2489	1	1
2490	1	1
2491	1	1
2492	1	1
2493	1	1
2494	1	2
2495	1	3
2496	1	1
2497	1	2
2498	1	2
2499	1	1
2500	1	1
2501	1	1
2502	1	1
2503	1	1
2504	1	1
2505	1	1
2506	1	2
2507	1	1
2508	1	1
2509	1	1
2510	1	3
2511	1	2
2512	1	1
2513	1	2
2514	1	2
2515	1	1
2516	1	1
2517	1	1
2518	1	2
2519	1	2
2520	1	2
2521	1	1
2522	1	1
2523	1	2
2524	1	1
2525	1	1
2526	1	3
2527	1	2
2528	1	1
2529	1	1
2530	1	1
2531	1	1
2532	1	1
2533	1	1
2534	1	1
2535	1	1
2536	1	1
2537	1	1
2538	1	2
2539	1	1
2540	1	1
2541	1	1
2542	1	1
2543	1	1
2544	1	1
2545	1	1
2546	1	1
2547	1	2
2548	1	2
2549	1	1
2550	1	2
2551	1	1
2552	1	1
2553	1	1
2554	1	2
2555	1	1
2556	1	1
2557	1	2
2558	1	1
2559	1	3
2560	1	1
2561	1	2
2562	1	1
2563	1	1
2564	1	2
2565	1	1
2566	1	1
2567	1	1
2568	1	1
2569	1	1
2570	1	2
2571	1	2
2572	1	1
2573	1	1
2574	1	1
2575	1	2
2576	1	2
2577	1	1
2578	1	2
2579	1	2
2580	1	1
2581	1	1
2582	1	1
2583	1	1
2584	1	1
2585	1	1
2586	1	2
2587	1	1
2588	1	1
2589	1	1
2590	1	1
2591	1	1
2592	1	1
2593	1	1
2594	1	1
2595	1	1
2596	1	1
2597	1	1
2598	1	1
2599	1	2
2600	1	1
2601	1	1
2602	1	2
2603	1	1
2604	1	2
2605	1	2
2606	1	1
2607	1	2
2608	1	2
2609	1	2
2610	1	1
2611	1	1
2612	1	2
2613	1	1
2614	1	1
2615	1	1
2616	1	2
2617	1	1
2618	1	1
2619	1	1
2620	1	2
2621	1	1
2622	1	1
2623	1	1
2624	1	1
2625	1	1
2626	1	2
2627	1	1
2628	1	1
2629	1	1
2630	1	1
2631	1	1
2632	1	1
2633	1	2
2634	1	2
2635	1	1
2636	1	1
2637	1	2
2638	1	2
2639	1	2
2640	1	1
2641	1	1
2642	1	1
2643	1	1
2644	1	1
2645	1	1
2646	1	1
2647	1	1
2648	1	1
2649	1	1
2650	1	1
2651	1	1
2652	1	1
2653	1	1
2654	1	2
2655	1	2
2656	1	1
2657	1	1
2658	1	3
2659	1	2
2660	1	1
2661	1	2
2662	1	1
2663	1	2
2664	1	1
2665	1	1
2666	1	3
2667	1	1
2668	1	2
2669	1	1
2670	1	1
2671	1	1
2672	1	2
2673	1	2
2674	1	3
2675	1	2
2676	1	1
2677	1	1
2678	1	1
2679	1	1
2680	1	1
2681	1	2
2682	1	1
2683	1	1
2684	1	2
2685	1	1
2686	1	1
2687	1	2
2688	1	3
2689	1	1
2690	1	1
2691	1	1
2692	1	1
2693	1	1
2694	1	1
2695	1	1
2696	1	2
2697	1	1
2698	1	1
2699	1	1
2700	1	2
2701	1	1
2702	1	2
2703	1	2
2704	1	1
2705	1	2
2706	1	1
2707	1	1
2708	1	2
2709	1	1
2710	1	2
2711	1	1
2712	1	2
2713	1	1
2714	1	1
2715	1	1
2716	1	2
2717	1	1
2718	1	1
2719	1	2
2720	1	3
2721	1	1
2722	1	1
2723	1	1
2724	1	2
2725	1	1
2726	1	1
2727	1	2
2728	1	1
2729	1	1
2730	1	1
2731	1	2
2732	1	1
2733	1	1
2734	1	1
2735	1	2
2736	1	1
2737	1	3
2738	1	1
2739	1	1
2740	1	2
2741	1	1
2742	1	1
2743	1	2
2744	1	1
2745	1	2
2746	1	3
2747	1	1
2748	1	2
2749	1	1
2750	1	1
2751	1	1
2752	1	1
2753	1	1
2754	1	1
2755	1	1
2756	1	2
2757	1	1
2758	1	1
2759	1	2
2760	1	2
2761	1	1
2762	1	1
2763	1	1
2764	1	1
2765	1	1
2766	1	1
2767	1	1
2768	1	1
2769	1	1
2770	1	1
2771	1	1
2772	1	1
2773	1	1
2774	1	1
2775	1	1
2776	1	1
2777	1	2
2778	1	2
2779	1	1
2780	1	1
2781	1	2
2782	1	1
2783	1	2
2784	1	1
2785	1	2
2786	1	2
2787	1	1
2788	1	1
2789	1	2
2790	1	2
2791	1	1
2792	1	1
2793	1	1
2794	1	2
2795	1	2
2796	1	1
2797	1	1
2798	1	1
2799	1	1
2800	1	1
2801	1	1
2802	1	1
2803	1	1
2804	1	1
2805	1	1
2806	1	1
2807	1	2
2808	1	1
2809	1	1
2810	1	2
2811	1	1
2812	1	1
2813	1	1
2814	1	1
2815	1	1
2816	1	2
2817	1	2
2818	1	1
2819	1	1
2820	1	1
2821	1	1
2822	1	2
2823	1	1
2824	1	1
2825	1	1
2826	1	1
2827	1	1
2828	1	1
2829	1	1
2830	1	2
2831	1	1
2832	1	1
2833	1	1
2834	1	1
2835	1	1
2836	1	1
2837	1	1
2838	1	1
2839	1	1
2840	1	1
2841	1	2
2842	1	1
2843	1	2
2844	1	1
2845	1	1
2846	1	2
2847	1	2
2848	1	2
2849	1	1
2850	1	1
2851	1	2
2852	1	2
2853	1	2
2854	1	1
2855	1	1
2856	1	1
2857	1	1
2858	1	2
2859	1	1
2860	1	1
2861	1	2
2862	1	1
2863	1	2
2864	1	2
2865	1	2
2866	1	1
2867	1	1
2868	1	1
2869	1	1
2870	1	1
2871	1	1
2872	1	2
2873	1	2
2874	1	2
2875	1	1
2876	1	1
2877	1	1
2878	1	2
2879	1	1
2880	1	2
2881	1	1
2882	1	1
2883	1	1
2884	1	1
2885	1	1
2886	1	2
2887	1	1
2888	1	1
2889	1	1
2890	1	1
2891	1	2
2892	1	2
2893	1	1
2894	1	2
2895	1	2
2896	1	1
2897	1	1
2898	1	2
2899	1	1
2900	1	1
2901	1	1
2902	1	1
2903	1	1
2904	1	2
2905	1	1
2906	1	1
2907	1	1
2908	1	1
2909	1	1
2910	1	1
2911	1	1
2912	1	1
2913	1	1
2914	1	1
2915	1	1
2916	1	2
2917	1	1
2918	1	2
2919	1	2
2920	1	1
2921	1	1
2922	1	1
2923	1	2
2924	1	1
2925	1	1
2926	1	1
2927	1	2
2928	1	1
2929	1	1
2930	1	1
2931	1	2
2932	1	2
2933	1	1
2934	1	2
2935	1	1
2936	1	1
2937	1	1
2938	1	1
2939	1	2
2940	1	1
2941	1	2
2942	1	1
2943	1	2
2944	1	1
2945	1	2
2946	1	1
2947	1	2
2948	1	1
2949	1	1
2950	1	1
2951	1	1
2952	1	2
2953	1	1
2954	1	1
2955	1	1
2956	1	2
2957	1	1
2958	1	1
2959	1	1
2960	1	1
2961	1	2
2962	1	1
2963	1	2
2964	1	1
2965	1	1
2966	1	2
2967	1	2
2968	1	1
2969	1	1
2970	1	1
2971	1	1
2972	1	1
2973	1	2
2974	1	1
2975	1	1
2976	1	1
2977	1	1
2978	1	1
2979	1	1
2980	1	1
2981	1	2
2982	1	1
2983	1	1
2984	1	1
2985	1	1
2986	1	1
2987	1	1
2988	1	1
2989	1	1
2990	1	1
2991	1	3
2992	1	2
2993	1	1
2994	1	1
2995	1	1
2996	1	2
2997	1	1
2998	1	1
2999	1	1
3000	1	1
3001	1	2
3002	1	2
3003	1	2
3004	1	2
3005	1	2
3006	1	1
3007	1	2
3008	1	2
3009	1	1
3010	1	1
3011	1	1
3012	1	1
3013	1	1
3014	1	2
3015	1	2
3016	1	1
3017	1	1
3018	1	2
3019	1	1
3020	1	1
3021	1	1
3022	1	1
3023	1	1
3024	1	1
3025	1	1
3026	1	2
3027	1	1
3028	1	2
3029	1	1
3030	1	2
3031	1	3
3032	1	1
3033	1	2
3034	1	1
3035	1	1
3036	1	1
3037	1	1
3038	1	1
3039	1	1
3040	1	1
3041	1	2
3042	1	1
3043	1	1
3044	1	1
3045	1	1
3046	1	1
3047	1	1
3048	1	1
3049	1	1
3050	1	1
3051	1	1
3052	1	2
3053	1	2
3054	1	1
3055	1	1
3056	1	1
3057	1	1
3058	1	1
3059	1	2
3060	1	1
3061	1	2
3062	1	1
3063	1	1
3064	1	1
3065	1	1
3066	1	1
3067	1	1
3068	1	1
3069	1	2
3070	1	1
3071	1	1
3072	1	1
3073	1	1
3074	1	2
3075	1	1
3076	1	1
3077	1	1
3078	1	1
3079	1	1
3080	1	2
3081	1	2
3082	1	1
3083	1	1
3084	1	1
3085	1	2
3086	1	1
3087	1	1
3088	1	1
3089	1	1
3090	1	2
3091	1	2
3092	1	2
3093	1	1
3094	1	1
3095	1	1
3096	1	1
3097	1	1
3098	1	2
3099	1	1
3100	1	1
3101	1	2
3102	1	1
3103	1	2
3104	1	1
3105	1	1
3106	1	1
3107	1	1
3108	1	2
3109	1	1
3110	1	1
3111	1	1
3112	1	1
3113	1	2
3114	1	2
3115	1	1
3116	1	1
3117	1	1
3118	1	1
3119	1	1
3120	1	1
3121	1	2
3122	1	2
3123	1	1
3124	1	1
3125	1	1
3126	1	2
3127	1	1
3128	1	2
3129	1	1
3130	1	1
3131	1	2
3132	1	1
3133	1	2
3134	1	1
3135	1	1
3136	1	1
3137	1	2
3138	1	1
3139	1	1
3140	1	2
3141	1	1
3142	1	2
3143	1	1
3144	1	1
3145	1	1
3146	1	1
3147	1	1
3148	1	1
3149	1	1
3150	1	1
3151	1	1
3152	1	2
3153	1	1
3154	1	1
3155	1	2
3156	1	1
3157	1	1
3158	1	1
3159	1	1
3160	1	1
3161	1	1
3162	1	1
3163	1	1
3164	1	2
3165	1	2
3166	1	1
3167	1	1
3168	1	1
3169	1	1
3170	1	1
3171	1	1
3172	1	2
3173	1	1
3174	1	1
3175	1	2
3176	1	2
3177	1	2
3178	1	1
3179	1	1
3180	1	1
3181	1	1
3182	1	2
3183	1	2
3184	1	1
3185	1	1
3186	1	1
3187	1	1
3188	1	1
3189	1	1
3190	1	2
3191	1	1
3192	1	2
3193	1	2
3194	1	1
3195	1	2
3196	1	2
3197	1	1
3198	1	1
3199	1	1
3200	1	1
3201	1	1
3202	1	1
3203	1	2
3204	1	2
3205	1	1
3206	1	2
3207	1	1
3208	1	1
3209	1	1
3210	1	1
3211	1	1
3212	1	1
3213	1	1
3214	1	2
3215	1	1
3216	1	2
3217	1	1
3218	1	1
3219	1	1
3220	1	2
3221	1	1
3222	1	1
3223	1	1
3224	1	1
3225	1	2
3226	1	3
3227	1	1
3228	1	2
3229	1	1
3230	1	2
3231	1	2
3232	1	1
3233	1	2
3234	1	1
3235	1	3
3236	1	3
3237	1	1
3238	1	3
3239	1	1
3240	1	1
3241	1	1
3242	1	1
3243	1	2
3244	1	1
3245	1	1
3246	1	2
3247	1	1
3248	1	1
3249	1	1
3250	1	1
3251	1	2
3252	1	2
3253	1	1
3254	1	2
3255	1	2
3256	1	2
3257	1	1
3258	1	2
3259	1	2
3260	1	2
3261	1	1
3262	1	3
3263	1	1
3264	1	2
3265	1	2
3266	1	1
3267	1	1
3268	1	1
3269	1	1
3270	1	3
3271	1	1
3272	1	2
3273	1	1
3274	1	2
3275	1	1
3276	1	1
3277	1	1
3278	1	1
3279	1	1
3280	1	1
3281	1	1
3282	1	1
3283	1	1
3284	1	1
3285	1	2
3286	1	2
3287	1	1
3288	1	2
3289	1	1
3290	1	1
3291	1	2
3292	1	1
3293	1	1
3294	1	2
3295	1	2
3296	1	2
3297	1	2
3298	1	1
3299	1	1
3300	1	1
3301	1	1
3302	1	1
3303	1	1
3304	1	1
3305	1	1
3306	1	1
3307	1	1
3308	1	1
3309	1	1
3310	1	2
3311	1	1
3312	1	3
3313	1	1
3314	1	1
3315	1	2
3316	1	1
3317	1	1
3318	1	1
3319	1	2
3320	1	2
3321	1	1
3322	1	2
3323	1	1
3324	1	2
3325	1	1
3326	1	1
3327	1	2
3328	1	1
3329	1	1
3330	1	1
3331	1	1
3332	1	1
3333	1	1
3334	1	1
3335	1	1
3336	1	1
3337	1	2
3338	1	1
3339	1	1
3340	1	2
3341	1	1
3342	1	2
3343	1	1
3344	1	2
3345	1	2
3346	1	1
3347	1	1
3348	1	1
3349	1	2
3350	1	2
3351	1	2
3352	1	2
3353	1	1
3354	1	2
3355	1	1
3356	1	1
3357	1	2
3358	1	2
3359	1	1
3360	1	3
3361	1	1
3362	1	1
3363	1	2
3364	1	2
3365	1	3
3366	1	1
3367	1	2
3368	1	1
3369	1	3
3370	1	2
3371	1	2
3372	1	1
3373	1	3
3374	1	1
3375	1	1
3376	1	1
3377	1	1
3378	1	1
3379	1	1
3380	1	1
3381	1	1
3382	1	2
3383	1	1
3384	1	1
3385	1	2
3386	1	2
3387	1	1
3388	1	2
3389	1	2
3390	1	1
3391	1	1
3392	1	1
3393	1	1
3394	1	1
3395	1	2
3396	1	1
3397	1	2
3398	1	1
3399	1	2
3400	1	1
3401	1	1
3402	1	1
3403	1	1
3404	1	3
3405	1	2
3406	1	2
3407	1	1
3408	1	1
3409	1	1
3410	1	2
3411	1	1
3412	1	1
3413	1	1
3414	1	1
3415	1	1
3416	1	1
3417	1	1
3418	1	1
3419	1	1
3420	1	1
3421	1	1
3422	1	1
3423	1	1
3424	1	1
3425	1	2
3426	1	1
3427	1	1
3428	1	2
3429	1	1
3430	1	1
3431	1	1
3432	1	1
3433	1	3
3434	1	3
3435	1	1
3436	1	3
3437	1	1
3438	1	1
3439	1	1
3440	1	1
3441	1	2
3442	1	1
3443	1	2
3444	1	1
3445	1	1
3446	1	1
3447	1	2
3448	1	1
3449	1	1
3450	1	2
3451	1	2
3452	1	1
3453	1	2
3454	1	1
3455	1	1
3456	1	1
3457	1	2
3458	1	1
3459	1	2
3460	1	1
3461	1	1
3462	1	1
3463	1	1
3464	1	1
3465	1	1
3466	1	1
3467	1	1
3468	1	1
3469	1	1
3470	1	2
3471	1	1
3472	1	1
3473	1	1
3474	1	1
3475	1	1
3476	1	1
3477	1	2
3478	1	1
3479	1	2
3480	1	2
3481	1	2
3482	1	2
3483	1	1
3484	1	1
3485	1	1
3486	1	2
3487	1	1
3488	1	1
3489	1	1
3490	1	1
3491	1	2
3492	1	2
3493	1	1
3494	1	1
3495	1	1
3496	1	2
3497	1	1
3498	1	2
3499	1	1
3500	1	2
3501	1	2
3502	1	2
3503	1	1
3504	1	2
3505	1	1
3506	1	1
3507	1	1
3508	1	1
3509	1	1
3510	1	2
3511	1	2
3512	1	1
3513	1	1
3514	1	1
3515	1	1
3516	1	1
3517	1	1
3518	1	1
3519	1	3
3520	1	2
3521	1	1
3522	1	1
3523	1	1
3524	1	1
3525	1	2
3526	1	1
3527	1	3
3528	1	1
3529	1	1
3530	1	1
3531	1	1
3532	1	2
3533	1	2
3534	1	1
3535	1	1
3536	1	1
3537	1	1
3538	1	2
3539	1	1
3540	1	1
3541	1	2
3542	1	2
3543	1	1
3544	1	1
3545	1	1
3546	1	2
3547	1	1
3548	1	1
3549	1	1
3550	1	2
3551	1	1
3552	1	1
3553	1	1
3554	1	1
3555	1	1
3556	1	1
3557	1	1
3558	1	1
3559	1	1
3560	1	2
3561	1	1
3562	1	2
3563	1	1
3564	1	1
3565	1	1
3566	1	1
3567	1	1
3568	1	1
3569	1	1
3570	1	2
3571	1	2
3572	1	1
3573	1	1
3574	1	3
3575	1	2
3576	1	1
3577	1	1
3578	1	2
3579	1	2
3580	1	1
3581	1	1
3582	1	2
3583	1	1
3584	1	1
3585	1	1
3586	1	1
3587	1	1
3588	1	1
3589	1	2
3590	1	1
3591	1	1
3592	1	1
3593	1	2
3594	1	1
3595	1	2
3596	1	1
3597	1	1
3598	1	1
3599	1	1
3600	1	1
3601	1	1
3602	1	2
3603	1	1
3604	1	1
3605	1	2
3606	1	2
3607	1	1
3608	1	1
3609	1	1
3610	1	1
3611	1	2
3612	1	1
3613	1	1
3614	1	1
3615	1	1
3616	1	2
3617	1	1
3618	1	2
3619	1	1
3620	1	2
3621	1	2
3622	1	2
3623	1	1
3624	1	1
3625	1	1
3626	1	1
3627	1	1
3628	1	1
3629	1	1
3630	1	2
3631	1	3
3632	1	1
3633	1	2
3634	1	1
3635	1	1
3636	1	1
3637	1	2
3638	1	1
3639	1	1
3640	1	2
3641	1	1
3642	1	1
3643	1	1
3644	1	1
3645	1	1
3646	1	2
3647	1	1
3648	1	1
3649	1	1
3650	1	1
3651	1	2
3652	1	3
3653	1	1
3654	1	2
3655	1	1
3656	1	1
3657	1	1
3658	1	2
3659	1	1
3660	1	1
3661	1	2
3662	1	1
3663	1	1
3664	1	2
3665	1	2
3666	1	1
3667	1	1
3668	1	1
3669	1	2
3670	1	2
3671	1	1
3672	1	1
3673	1	2
3674	1	1
3675	1	1
3676	1	1
3677	1	1
3678	1	1
3679	1	1
3680	1	1
3681	1	1
3682	1	2
3683	1	1
3684	1	1
3685	1	2
3686	1	1
3687	1	1
3688	1	1
3689	1	2
3690	1	1
3691	1	1
3692	1	1
3693	1	2
3694	1	1
3695	1	1
3696	1	1
3697	1	1
3698	1	1
3699	1	1
3700	1	1
3701	1	1
3702	1	1
3703	1	1
3704	1	1
3705	1	2
3706	1	2
3707	1	2
3708	1	1
3709	1	2
3710	1	1
3711	1	1
3712	1	1
3713	1	1
3714	1	1
3715	1	2
3716	1	2
3717	1	1
3718	1	1
3719	1	1
3720	1	2
3721	1	1
3722	1	1
3723	1	2
3724	1	1
3725	1	1
3726	1	1
3727	1	1
3728	1	1
3729	1	2
3730	1	2
3731	1	2
3732	1	2
3733	1	1
3734	1	1
3735	1	1
3736	1	3
3737	1	1
3738	1	1
3739	1	2
3740	1	1
3741	1	1
3742	1	1
3743	1	1
3744	1	3
3745	1	2
3746	1	1
3747	1	2
3748	1	2
3749	1	2
3750	1	1
3751	1	1
3752	1	1
3753	1	2
3754	1	2
3755	1	2
3756	1	1
3757	1	3
3758	1	1
3759	1	1
3760	1	1
3761	1	1
3762	1	2
3763	1	2
3764	1	2
3765	1	3
3766	1	2
3767	1	2
3768	1	1
3769	1	1
3770	1	2
3771	1	1
3772	1	1
3773	1	2
3774	1	2
3775	1	1
3776	1	2
3777	1	1
3778	1	2
3779	1	1
3780	1	2
3781	1	3
3782	1	1
3783	1	1
3784	1	2
3785	1	1
3786	1	2
3787	1	1
3788	1	2
3789	1	1
3790	1	1
3791	1	1
3792	1	1
3793	1	2
3794	1	2
3795	1	1
3796	1	1
3797	1	1
3798	1	3
3799	1	2
3800	1	1
3801	1	1
3802	1	1
3803	1	2
3804	1	1
3805	1	2
3806	1	1
3807	1	1
3808	1	2
3809	1	1
3810	1	1
3811	1	2
3812	1	2
3813	1	1
3814	1	2
3815	1	2
3816	1	1
3817	1	1
3818	1	1
3819	1	1
3820	1	1
3821	1	1
3822	1	1
3823	1	1
3824	1	2
3825	1	1
3826	1	1
3827	1	1
3828	1	1
3829	1	1
3830	1	2
3831	1	2
3832	1	1
3833	1	1
3834	1	1
3835	1	1
3836	1	1
3837	1	1
3838	1	1
3839	1	2
3840	1	1
3841	1	1
3842	1	2
3843	1	2
3844	1	2
3845	1	2
3846	1	1
3847	1	1
3848	1	2
3849	1	1
3850	1	1
3851	1	1
3852	1	2
3853	1	1
3854	1	1
3855	1	1
3856	1	2
3857	1	1
3858	1	1
3859	1	2
3860	1	1
3861	1	1
3862	1	1
3863	1	2
3864	1	1
3865	1	2
3866	1	1
3867	1	1
3868	1	1
3869	1	1
3870	1	1
3871	1	1
3872	1	1
3873	1	1
3874	1	2
3875	1	1
3876	1	1
3877	1	1
3878	1	1
3879	1	2
3880	1	1
3881	1	1
3882	1	2
3883	1	1
3884	1	1
3885	1	2
3886	1	1
3887	1	2
3888	1	2
3889	1	1
3890	1	1
3891	1	1
3892	1	1
3893	1	1
3894	1	2
3895	1	2
3896	1	1
3897	1	1
3898	1	1
3899	1	2
3900	1	1
3901	1	1
3902	1	1
3903	1	2
3904	1	3
3905	1	1
3906	1	1
3907	1	1
3908	1	2
3909	1	2
3910	1	2
3911	1	2
3912	1	2
3913	1	1
3914	1	1
3915	1	1
3916	1	2
3917	1	1
3918	1	2
3919	1	1
3920	1	2
3921	1	2
3922	1	1
3923	1	1
3924	1	1
3925	1	1
3926	1	2
3927	1	1
3928	1	1
3929	1	1
3930	1	1
3931	1	1
3932	1	1
3933	1	2
3934	1	2
3935	1	1
3936	1	1
3937	1	2
3938	1	1
3939	1	1
3940	1	1
3941	1	2
3942	1	2
3943	1	2
3944	1	1
3945	1	2
3946	1	1
3947	1	1
3948	1	1
3949	1	2
3950	1	2
3951	1	1
3952	1	1
3953	1	1
3954	1	2
3955	1	1
3956	1	1
3957	1	1
3958	1	1
3959	1	1
3960	1	2
3961	1	2
3962	1	2
3963	1	1
3964	1	1
3965	1	1
3966	1	1
3967	1	1
3968	1	2
3969	1	2
3970	1	1
3971	1	1
3972	1	2
3973	1	1
3974	1	2
3975	1	2
3976	1	1
3977	1	1
3978	1	1
3979	1	1
3980	1	2
3981	1	1
3982	1	1
3983	1	2
3984	1	2
3985	1	1
3986	1	1
3987	1	3
3988	1	1
3989	1	2
3990	1	1
3991	1	1
3992	1	2
3993	1	1
3994	1	1
3995	1	2
3996	1	1
3997	1	1
3998	1	1
3999	1	2
4000	1	2
4001	1	1
4002	1	1
4003	1	1
4004	1	2
4005	1	1
4006	1	1
4007	1	2
4008	1	1
4009	1	1
4010	1	2
4011	1	1
4012	1	1
4013	1	1
4014	1	1
4015	1	1
4016	1	1
4017	1	2
4018	1	1
4019	1	1
4020	1	1
4021	1	1
4022	1	1
4023	1	1
4024	1	2
4025	1	2
4026	1	1
4027	1	1
4028	1	2
4029	1	1
4030	1	1
4031	1	1
4032	1	2
4033	1	2
4034	1	1
4035	1	1
4036	1	1
4037	1	1
4038	1	2
4039	1	1
4040	1	2
4041	1	2
4042	1	1
4043	1	1
4044	1	1
4045	1	2
4046	1	1
4047	1	3
4048	1	2
4049	1	1
4050	1	1
4051	1	1
4052	1	2
4053	1	1
4054	1	1
4055	1	1
4056	1	1
4057	1	1
4058	1	1
4059	1	1
4060	1	1
4061	1	1
4062	1	2
4063	1	1
4064	1	2
4065	1	1
4066	1	2
4067	1	1
4068	1	2
4069	1	1
4070	1	1
4071	1	2
4072	1	1
4073	1	1
4074	1	1
4075	1	1
4076	1	1
4077	1	1
4078	1	1
4079	1	1
4080	1	2
4081	1	1
4082	1	1
4083	1	1
4084	1	1
4085	1	1
4086	1	2
4087	1	2
4088	1	2
4089	1	1
4090	1	2
4091	1	1
4092	1	2
4093	1	1
4094	1	1
4095	1	1
4096	1	1
4097	1	1
4098	1	1
4099	1	2
4100	1	1
4101	1	1
4102	1	1
4103	1	2
4104	1	2
4105	1	2
4106	1	1
4107	1	2
4108	1	1
4109	1	2
4110	1	1
4111	1	1
4112	1	2
4113	1	2
4114	1	2
4115	1	1
4116	1	2
4117	1	1
4118	1	1
4119	1	1
4120	1	1
4121	1	2
4122	1	1
4123	1	1
4124	1	1
4125	1	1
4126	1	1
4127	1	1
4128	1	2
4129	1	1
4130	1	2
4131	1	1
4132	1	1
4133	1	2
4134	1	1
4135	1	1
4136	1	1
4137	1	1
4138	1	1
4139	1	2
4140	1	1
4141	1	1
4142	1	2
4143	1	1
4144	1	1
4145	1	1
4146	1	1
4147	1	1
4148	1	1
4149	1	2
4150	1	1
4151	1	1
4152	1	1
4153	1	1
4154	1	1
4155	1	1
4156	1	1
4157	1	1
4158	1	1
4159	1	1
4160	1	1
4161	1	1
4162	1	2
4163	1	1
4164	1	1
4165	1	2
4166	1	1
4167	1	2
4168	1	1
4169	1	1
4170	1	1
4171	1	2
4172	1	1
4173	1	1
4174	1	1
4175	1	1
4176	1	2
4177	1	1
4178	1	2
4179	1	1
4180	1	1
4181	1	1
4182	1	1
4183	1	3
4184	1	1
4185	1	1
4186	1	2
4187	1	1
4188	1	2
4189	1	1
4190	1	1
4191	1	3
4192	1	2
4193	1	1
4194	1	2
4195	1	2
4196	1	2
4197	1	1
4198	1	2
4199	1	1
4200	1	1
4201	1	2
4202	1	2
4203	1	1
4204	1	1
4205	1	2
4206	1	2
4207	1	2
4208	1	2
4209	1	2
4210	1	1
4211	1	2
4212	1	1
4213	1	1
4214	1	2
4215	1	1
4216	1	1
4217	1	2
4218	1	1
4219	1	1
4220	1	1
4221	1	1
4222	1	1
4223	1	1
4224	1	2
4225	1	1
4226	1	2
4227	1	1
4228	1	2
4229	1	1
4230	1	2
4231	1	2
4232	1	2
4233	1	1
4234	1	2
4235	1	1
4236	1	2
4237	1	2
4238	1	2
4239	1	1
4240	1	1
4241	1	1
4242	1	2
4243	1	1
4244	1	1
4245	1	2
4246	1	1
4247	1	1
4248	1	1
4249	1	2
4250	1	2
4251	1	2
4252	1	1
4253	1	2
4254	1	1
4255	1	1
4256	1	1
4257	1	2
4258	1	1
4259	1	1
4260	1	1
4261	1	1
4262	1	1
4263	1	1
4264	1	2
4265	1	2
4266	1	2
4267	1	2
4268	1	1
4269	1	1
4270	1	1
4271	1	1
4272	1	1
4273	1	2
4274	1	2
4275	1	1
4276	1	2
4277	1	1
4278	1	1
4279	1	2
4280	1	1
4281	1	1
4282	1	2
4283	1	1
4284	1	1
4285	1	2
4286	1	1
4287	1	2
4288	1	2
4289	1	1
4290	1	1
4291	1	1
4292	1	2
4293	1	1
4294	1	2
4295	1	1
4296	1	1
4297	1	2
4298	1	1
4299	1	2
4300	1	1
4301	1	1
4302	1	1
4303	1	2
4304	1	2
4305	1	1
4306	1	2
4307	1	1
4308	1	1
4309	1	1
4310	1	2
4311	1	1
4312	1	1
4313	1	2
4314	1	1
4315	1	2
4316	1	2
4317	1	1
4318	1	2
4319	1	2
4320	1	1
4321	1	1
4322	1	1
4323	1	1
4324	1	1
4325	1	1
4326	1	1
4327	1	1
4328	1	1
4329	1	2
4330	1	1
4331	1	2
4332	1	2
4333	1	1
4334	1	1
4335	1	1
4336	1	1
4337	1	1
4338	1	1
4339	1	1
4340	1	2
4341	1	1
4342	1	1
4343	1	1
4344	1	1
4345	1	1
4346	1	3
4347	1	1
4348	1	2
4349	1	2
4350	1	2
4351	1	1
4352	1	2
4353	1	1
4354	1	2
4355	1	1
4356	1	2
4357	1	1
4358	1	1
4359	1	1
4360	1	2
4361	1	1
4362	1	1
4363	1	1
4364	1	1
4365	1	2
4366	1	1
4367	1	1
4368	1	1
4369	1	1
4370	1	1
4371	1	3
4372	1	1
4373	1	1
4374	1	1
4375	1	2
4376	1	1
4377	1	1
4378	1	1
4379	1	1
4380	1	1
4381	1	1
4382	1	1
4383	1	1
4384	1	1
4385	1	1
4386	1	1
4387	1	2
4388	1	1
4389	1	2
4390	1	1
4391	1	2
4392	1	1
4393	1	1
4394	1	1
4395	1	1
4396	1	1
4397	1	1
4398	1	1
4399	1	1
4400	1	1
4401	1	2
4402	1	2
4403	1	1
4404	1	1
4405	1	2
4406	1	2
4407	1	1
4408	1	1
4409	1	1
4410	1	2
4411	1	2
4412	1	1
4413	1	2
4414	1	1
4415	1	1
4416	1	2
4417	1	1
4418	1	1
4419	1	2
4420	1	1
4421	1	1
4422	1	2
4423	1	1
4424	1	1
4425	1	1
4426	1	2
4427	1	1
4428	1	1
4429	1	1
4430	1	1
4431	1	1
4432	1	1
4433	1	1
4434	1	2
4435	1	1
4436	1	1
4437	1	1
4438	1	1
4439	1	1
4440	1	1
4441	1	2
4442	1	1
4443	1	2
4444	1	1
4445	1	1
4446	1	1
4447	1	1
4448	1	1
4449	1	1
4450	1	1
4451	1	2
4452	1	1
4453	1	2
4454	1	1
4455	1	1
4456	1	1
4457	1	3
4458	1	3
4459	1	2
4460	1	2
4461	1	1
4462	1	1
4463	1	2
4464	1	1
4465	1	2
4466	1	1
4467	1	1
4468	1	1
4469	1	1
4470	1	2
4471	1	1
4472	1	1
4473	1	1
4474	1	2
4475	1	2
4476	1	2
4477	1	2
4478	1	2
4479	1	3
4480	1	1
4481	1	2
4482	1	2
4483	1	1
4484	1	1
4485	1	1
4486	1	1
4487	1	2
4488	1	1
4489	1	1
4490	1	2
4491	1	1
4492	1	2
4493	1	1
4494	1	2
4495	1	2
4496	1	2
4497	1	2
4498	1	1
4499	1	1
4500	1	1
4501	1	2
4502	1	1
4503	1	1
4504	1	1
4505	1	1
4506	1	1
4507	1	2
4508	1	1
4509	1	2
4510	1	2
4511	1	1
4512	1	2
4513	1	1
4514	1	1
4515	1	2
4516	1	1
4517	1	1
4518	1	2
4519	1	1
4520	1	2
4521	1	2
4522	1	1
4523	1	1
4524	1	1
4525	1	2
4526	1	1
4527	1	2
4528	1	2
4529	1	1
4530	1	1
4531	1	2
4532	1	1
4533	1	1
4534	1	2
4535	1	3
4536	1	1
4537	1	1
4538	1	1
4539	1	1
4540	1	1
4541	1	1
4542	1	1
4543	1	2
4544	1	2
4545	1	1
4546	1	2
4547	1	1
4548	1	1
4549	1	2
4550	1	1
4551	1	2
4552	1	2
4553	1	1
4554	1	1
4555	1	1
4556	1	1
4557	1	2
4558	1	3
4559	1	1
4560	1	1
4561	1	1
4562	1	1
4563	1	1
4564	1	1
4565	1	1
4566	1	2
4567	1	1
4568	1	1
4569	1	3
4570	1	2
4571	1	1
4572	1	1
4573	1	1
4574	1	1
4575	1	1
4576	1	2
4577	1	1
4578	1	1
4579	1	1
4580	1	1
4581	1	1
4582	1	2
4583	1	1
4584	1	1
4585	1	1
4586	1	1
4587	1	2
4588	1	1
4589	1	1
4590	1	1
4591	1	2
4592	1	2
4593	1	1
4594	1	1
4595	1	2
4596	1	1
4597	1	1
4598	1	2
4599	1	1
4600	1	1
4601	1	2
4602	1	1
4603	1	1
4604	1	1
4605	1	1
4606	1	1
4607	1	1
4608	1	1
4609	1	1
4610	1	1
4611	1	2
4612	1	1
4613	1	1
4614	1	2
4615	1	1
4616	1	1
4617	1	1
4618	1	2
4619	1	1
4620	1	1
4621	1	2
4622	1	3
4623	1	1
4624	1	1
4625	1	2
4626	1	3
4627	1	2
4628	1	2
4629	1	1
4630	1	1
4631	1	2
4632	1	1
4633	1	1
4634	1	1
4635	1	1
4636	1	1
4637	1	2
4638	1	1
4639	1	2
4640	1	1
4641	1	1
4642	1	1
4643	1	1
4644	1	1
4645	1	1
4646	1	2
4647	1	2
4648	1	1
4649	1	1
4650	1	1
4651	1	1
4652	1	1
4653	1	2
4654	1	2
4655	1	1
4656	1	1
4657	1	1
4658	1	3
4659	1	1
4660	1	1
4661	1	2
4662	1	1
4663	1	1
4664	1	1
4665	1	1
4666	1	1
4667	1	1
4668	1	1
4669	1	1
4670	1	1
4671	1	3
4672	1	1
4673	1	1
4674	1	1
4675	1	1
4676	1	1
4677	1	1
4678	1	1
4679	1	1
4680	1	1
4681	1	2
4682	1	2
4683	1	1
4684	1	1
4685	1	1
4686	1	2
4687	1	1
4688	1	1
4689	1	2
4690	1	1
4691	1	1
4692	1	1
4693	1	2
4694	1	3
4695	1	2
4696	1	1
4697	1	1
4698	1	1
4699	1	1
4700	1	1
4701	1	2
4702	1	2
4703	1	1
4704	1	1
4705	1	1
4706	1	2
4707	1	1
4708	1	1
4709	1	1
4710	1	1
4711	1	2
4712	1	1
4713	1	1
4714	1	1
4715	1	2
4716	1	2
4717	1	3
4718	1	1
4719	1	1
4720	1	1
4721	1	1
4722	1	1
4723	1	2
4724	1	1
4725	1	1
4726	1	2
4727	1	1
4728	1	1
4729	1	1
4730	1	2
4731	1	2
4732	1	2
4733	1	2
4734	1	1
4735	1	2
4736	1	1
4737	1	1
4738	1	1
4739	1	1
4740	1	1
4741	1	2
4742	1	1
4743	1	1
4744	1	1
4745	1	1
4746	1	1
4747	1	2
4748	1	1
4749	1	1
4750	1	3
4751	1	2
4752	1	1
4753	1	1
4754	1	1
4755	1	1
4756	1	1
4757	1	2
4758	1	1
4759	1	1
4760	1	2
4761	1	2
4762	1	1
4763	1	1
4764	1	1
4765	1	1
4766	1	1
4767	1	3
4768	1	1
4769	1	2
4770	1	1
4771	1	1
4772	1	2
4773	1	1
4774	1	1
4775	1	1
4776	1	1
4777	1	1
4778	1	3
4779	1	2
4780	1	2
4781	1	2
4782	1	2
4783	1	1
4784	1	1
4785	1	1
4786	1	1
4787	1	1
4788	1	2
4789	1	1
4790	1	1
4791	1	1
4792	1	2
4793	1	2
4794	1	2
4795	1	1
4796	1	2
4797	1	1
4798	1	1
4799	1	1
4800	1	1
4801	1	2
4802	1	1
4803	1	1
4804	1	1
4805	1	1
4806	1	1
4807	1	2
4808	1	2
4809	1	2
4810	1	1
4811	1	1
4812	1	1
4813	1	1
4814	1	1
4815	1	2
4816	1	1
4817	1	1
4818	1	1
4819	1	2
4820	1	1
4821	1	2
4822	1	2
4823	1	1
4824	1	2
4825	1	1
4826	1	2
4827	1	1
4828	1	2
4829	1	1
4830	1	1
4831	1	1
4832	1	2
4833	1	2
4834	1	1
4835	1	1
4836	1	1
4837	1	2
4838	1	1
4839	1	1
4840	1	2
4841	1	1
4842	1	1
4843	1	2
4844	1	1
4845	1	1
4846	1	2
4847	1	2
4848	1	1
4849	1	1
4850	1	1
4851	1	1
4852	1	1
4853	1	2
4854	1	2
4855	1	1
4856	1	1
4857	1	2
4858	1	1
4859	1	1
4860	1	2
4861	1	1
4862	1	1
4863	1	1
4864	1	2
4865	1	1
4866	1	2
4867	1	1
4868	1	1
4869	1	1
4870	1	1
4871	1	2
4872	1	2
4873	1	1
4874	1	1
4875	1	2
4876	1	1
4877	1	2
4878	1	2
4879	1	1
4880	1	2
4881	1	1
4882	1	1
4883	1	1
4884	1	1
4885	1	1
4886	1	1
4887	1	1
4888	1	1
4889	1	1
4890	1	1
4891	1	1
4892	1	3
4893	1	1
4894	1	1
4895	1	1
4896	1	1
4897	1	1
4898	1	2
4899	1	1
4900	1	1
4901	1	1
4902	1	1
4903	1	1
4904	1	2
4905	1	1
4906	1	1
4907	1	1
4908	1	2
4909	1	2
4910	1	1
4911	1	2
4912	1	1
4913	1	1
4914	1	1
4915	1	1
4916	1	2
4917	1	2
4918	1	1
4919	1	1
4920	1	2
4921	1	1
4922	1	1
4923	1	1
4924	1	1
4925	1	1
4926	1	1
4927	1	1
4928	1	1
4929	1	2
4930	1	1
4931	1	3
4932	1	1
4933	1	2
4934	1	1
4935	1	2
4936	1	2
4937	1	2
4938	1	2
4939	1	1
4940	1	1
4941	1	1
4942	1	2
4943	1	1
4944	1	2
4945	1	1
4946	1	1
4947	1	2
4948	1	2
4949	1	1
4950	1	2
4951	1	2
4952	1	2
4953	1	3
4954	1	2
4955	1	1
4956	1	2
4957	1	1
4958	1	2
4959	1	1
4960	1	1
4961	1	2
4962	1	1
4963	1	1
4964	1	2
4965	1	1
4966	1	2
4967	1	2
4968	1	1
4969	1	2
4970	1	1
4971	1	1
4972	1	1
4973	1	2
4974	1	1
4975	1	1
4976	1	1
4977	1	1
4978	1	1
4979	1	1
4980	1	1
4981	1	1
4982	1	2
4983	1	1
4984	1	2
4985	1	2
4986	1	1
4987	1	1
4988	1	1
4989	1	1
4990	1	1
4991	1	1
4992	1	1
4993	1	1
4994	1	2
4995	1	1
4996	1	1
4997	1	1
4998	1	1
4999	1	1
5000	1	1
5001	0	1
5002	0	2
5003	0	2
5004	0	1
5005	0	1
5006	0	1
5007	0	1
5008	0	1
5009	0	2
5010	0	1
5011	0	1
5012	0	1
5013	0	2
5014	0	1
5015	0	1
5016	0	1
5017	0	1
5018	0	2
5019	0	1
5020	0	1
5021	0	1
5022	0	3
5023	0	1
5024	0	1
5025	0	1
5026	0	1
5027	0	2
5028	0	1
5029	0	2
5030	0	1
5031	0	2
5032	0	1
5033	0	1
5034	0	1
5035	0	2
5036	0	1
5037	0	2
5038	0	1
5039	0	2
5040	0	2
5041	0	2
5042	0	1
5043	0	1
5044	0	1
5045	0	1
5046	0	1
5047	0	1
5048	0	2
5049	0	1
5050	0	1
5051	0	2
5052	0	1
5053	0	2
5054	0	1
5055	0	2
5056	0	1
5057	0	2
5058	0	1
5059	0	1
5060	0	2
5061	0	1
5062	0	1
5063	0	1
5064	0	1
5065	0	1
5066	0	3
5067	0	1
5068	0	1
5069	0	1
5070	0	1
5071	0	2
5072	0	1
5073	0	2
5074	0	1
5075	0	1
5076	0	1
5077	0	1
5078	0	1
5079	0	1
5080	0	1
5081	0	1
5082	0	1
5083	0	1
5084	0	1
5085	0	1
5086	0	1
5087	0	1
5088	0	2
5089	0	1
5090	0	2
5091	0	1
5092	0	1
5093	0	1
5094	0	1
5095	0	1
5096	0	1
5097	0	1
5098	0	2
5099	0	2
5100	0	1
5101	0	2
5102	0	2
5103	0	1
5104	0	1
5105	0	1
5106	0	1
5107	0	1
5108	0	2
5109	0	1
5110	0	2
5111	0	2
5112	0	1
5113	0	1
5114	0	2
5115	0	2
5116	0	1
5117	0	1
5118	0	2
5119	0	1
5120	0	1
5121	0	2
5122	0	1
5123	0	1
5124	0	2
5125	0	2
5126	0	2
5127	0	1
5128	0	1
5129	0	1
5130	0	1
5131	0	2
5132	0	1
5133	0	1
5134	0	1
5135	0	1
5136	0	2
5137	0	1
5138	0	1
5139	0	1
5140	0	1
5141	0	1
5142	0	1
5143	0	2
5144	0	1
5145	0	1
5146	0	1
5147	0	1
5148	0	1
5149	0	1
5150	0	1
5151	0	1
5152	0	1
5153	0	1
5154	0	1
5155	0	1
5156	0	1
5157	0	1
5158	0	2
5159	0	1
5160	0	1
5161	0	2
5162	0	1
5163	0	1
5164	0	1
5165	0	2
5166	0	1
5167	0	1
5168	0	3
5169	0	1
5170	0	1
5171	0	2
5172	0	1
5173	0	1
5174	0	2
5175	0	1
5176	0	2
5177	0	1
5178	0	2
5179	0	1
5180	0	1
5181	0	2
5182	0	2
5183	0	1
5184	0	1
5185	0	2
5186	0	1
5187	0	1
5188	0	1
5189	0	1
5190	0	1
5191	0	1
5192	0	1
5193	0	2
5194	0	1
5195	0	2
5196	0	1
5197	0	1
5198	0	1
5199	0	1
5200	0	1
5201	0	1
5202	0	1
5203	0	2
5204	0	2
5205	0	2
5206	0	2
5207	0	1
5208	0	2
5209	0	1
5210	0	2
5211	0	1
5212	0	1
5213	0	1
5214	0	1
5215	0	1
5216	0	1
5217	0	1
5218	0	2
5219	0	1
5220	0	2
5221	0	1
5222	0	1
5223	0	1
5224	0	2
5225	0	1
5226	0	1
5227	0	2
5228	0	3
5229	0	1
5230	0	1
5231	0	1
5232	0	1
5233	0	1
5234	0	1
5235	0	1
5236	0	1
5237	0	2
5238	0	1
5239	0	1
5240	0	2
5241	0	1
5242	0	2
5243	0	1
5244	0	1
5245	0	1
5246	0	2
5247	0	2
5248	0	1
5249	0	1
5250	0	1
5251	0	2
5252	0	1
5253	0	1
5254	0	1
5255	0	2
5256	0	3
5257	0	1
5258	0	2
5259	0	2
5260	0	1
5261	0	1
5262	0	1
5263	0	1
5264	0	1
5265	0	1
5266	0	2
5267	0	1
5268	0	2
5269	0	1
5270	0	1
5271	0	1
5272	0	1
5273	0	1
5274	0	1
5275	0	2
5276	0	2
5277	0	1
5278	0	1
5279	0	1
5280	0	1
5281	0	1
5282	0	1
5283	0	1
5284	0	1
5285	0	1
5286	0	1
5287	0	1
5288	0	1
5289	0	2
5290	0	2
5291	0	2
5292	0	2
5293	0	2
5294	0	2
5295	0	1
5296	0	1
5297	0	2
5298	0	1
5299	0	1
5300	0	1
5301	0	2
5302	0	1
5303	0	1
5304	0	1
5305	0	1
5306	0	1
5307	0	1
5308	0	1
5309	0	1
5310	0	2
5311	0	2
5312	0	1
5313	0	1
5314	0	1
5315	0	1
5316	0	1
5317	0	2
5318	0	2
5319	0	1
5320	0	1
5321	0	1
5322	0	1
5323	0	1
5324	0	1
5325	0	1
5326	0	1
5327	0	1
5328	0	1
5329	0	2
5330	0	2
5331	0	2
5332	0	1
5333	0	2
5334	0	1
5335	0	1
5336	0	2
5337	0	1
5338	0	1
5339	0	2
5340	0	1
5341	0	1
5342	0	2
5343	0	1
5344	0	2
5345	0	1
5346	0	1
5347	0	1
5348	0	2
5349	0	2
5350	0	1
5351	0	2
5352	0	2
5353	0	1
5354	0	1
5355	0	1
5356	0	2
5357	0	1
5358	0	1
5359	0	1
5360	0	1
5361	0	1
5362	0	1
5363	0	2
5364	0	1
5365	0	1
5366	0	2
5367	0	1
5368	0	2
5369	0	2
5370	0	1
5371	0	2
5372	0	1
5373	0	2
5374	0	1
5375	0	1
5376	0	1
5377	0	2
5378	0	1
5379	0	1
5380	0	1
5381	0	2
5382	0	1
5383	0	1
5384	0	2
5385	0	2
5386	0	2
5387	0	1
5388	0	1
5389	0	1
5390	0	1
5391	0	1
5392	0	1
5393	0	1
5394	0	2
5395	0	2
5396	0	1
5397	0	1
5398	0	1
5399	0	1
5400	0	2
5401	0	2
5402	0	1
5403	0	1
5404	0	1
5405	0	1
5406	0	1
5407	0	1
5408	0	1
5409	0	1
5410	0	1
5411	0	1
5412	0	2
5413	0	1
5414	0	2
5415	0	2
5416	0	2
5417	0	1
5418	0	1
5419	0	1
5420	0	1
5421	0	2
5422	0	1
5423	0	1
5424	0	1
5425	0	2
5426	0	2
5427	0	2
5428	0	2
5429	0	1
5430	0	1
5431	0	1
5432	0	1
5433	0	1
5434	0	2
5435	0	1
5436	0	2
5437	0	1
5438	0	1
5439	0	2
5440	0	2
5441	0	2
5442	0	2
5443	0	1
5444	0	1
5445	0	2
5446	0	1
5447	0	1
5448	0	1
5449	0	2
5450	0	1
5451	0	1
5452	0	1
5453	0	1
5454	0	1
5455	0	2
5456	0	2
5457	0	2
5458	0	1
5459	0	2
5460	0	1
5461	0	2
5462	0	1
5463	0	2
5464	0	1
5465	0	1
5466	0	1
5467	0	1
5468	0	1
5469	0	2
5470	0	1
5471	0	1
5472	0	1
5473	0	1
5474	0	1
5475	0	1
5476	0	1
5477	0	2
5478	0	1
5479	0	1
5480	0	1
5481	0	1
5482	0	2
5483	0	1
5484	0	1
5485	0	1
5486	0	1
5487	0	1
5488	0	1
5489	0	1
5490	0	2
5491	0	1
5492	0	1
5493	0	1
5494	0	1
5495	0	1
5496	0	1
5497	0	1
5498	0	1
5499	0	1
5500	0	1
5501	0	1
5502	0	1
5503	0	2
5504	0	1
5505	0	1
5506	0	1
5507	0	1
5508	0	1
5509	0	2
5510	0	1
5511	0	2
5512	0	2
5513	0	1
5514	0	2
5515	0	1
5516	0	2
5517	0	1
5518	0	1
5519	0	1
5520	0	1
5521	0	1
5522	0	1
5523	0	2
5524	0	1
5525	0	2
5526	0	2
5527	0	2
5528	0	1
5529	0	1
5530	0	2
5531	0	1
5532	0	1
5533	0	2
5534	0	1
5535	0	1
5536	0	1
5537	0	1
5538	0	1
5539	0	1
5540	0	2
5541	0	1
5542	0	1
5543	0	1
5544	0	1
5545	0	1
5546	0	1
5547	0	1
5548	0	1
5549	0	1
5550	0	1
5551	0	1
5552	0	2
5553	0	2
5554	0	1
5555	0	1
5556	0	1
5557	0	1
5558	0	1
5559	0	1
5560	0	1
5561	0	1
5562	0	1
5563	0	1
5564	0	1
5565	0	1
5566	0	2
5567	0	1
5568	0	1
5569	0	1
5570	0	1
5571	0	1
5572	0	1
5573	0	1
5574	0	2
5575	0	2
5576	0	1
5577	0	1
5578	0	1
5579	0	1
5580	0	1
5581	0	1
5582	0	1
5583	0	1
5584	0	1
5585	0	1
5586	0	2
5587	0	2
5588	0	1
5589	0	1
5590	0	1
5591	0	3
5592	0	2
5593	0	1
5594	0	1
5595	0	1
5596	0	1
5597	0	1
5598	0	1
5599	0	3
5600	0	1
5601	0	1
5602	0	1
5603	0	1
5604	0	1
5605	0	1
5606	0	3
5607	0	1
5608	0	1
5609	0	1
5610	0	2
5611	0	2
5612	0	2
5613	0	1
5614	0	2
5615	0	2
5616	0	1
5617	0	1
5618	0	2
5619	0	1
5620	0	1
5621	0	2
5622	0	1
5623	0	3
5624	0	1
5625	0	2
5626	0	1
5627	0	1
5628	0	1
5629	0	1
5630	0	2
5631	0	1
5632	0	1
5633	0	1
5634	0	1
5635	0	2
5636	0	1
5637	0	1
5638	0	2
5639	0	1
5640	0	1
5641	0	1
5642	0	1
5643	0	1
5644	0	1
5645	0	2
5646	0	2
5647	0	1
5648	0	1
5649	0	1
5650	0	1
5651	0	1
5652	0	1
5653	0	2
5654	0	1
5655	0	1
5656	0	1
5657	0	1
5658	0	1
5659	0	1
5660	0	1
5661	0	1
5662	0	1
5663	0	2
5664	0	1
5665	0	1
5666	0	1
5667	0	2
5668	0	1
5669	0	2
5670	0	1
5671	0	1
5672	0	1
5673	0	1
5674	0	2
5675	0	2
5676	0	1
5677	0	1
5678	0	2
5679	0	1
5680	0	1
5681	0	1
5682	0	2
5683	0	1
5684	0	1
5685	0	1
5686	0	1
5687	0	1
5688	0	1
5689	0	2
5690	0	1
5691	0	1
5692	0	2
5693	0	2
5694	0	1
5695	0	1
5696	0	3
5697	0	2
5698	0	2
5699	0	1
5700	0	1
5701	0	1
5702	0	1
5703	0	1
5704	0	2
5705	0	2
5706	0	1
5707	0	1
5708	0	1
5709	0	1
5710	0	3
5711	0	1
5712	0	1
5713	0	1
5714	0	1
5715	0	1
5716	0	2
5717	0	1
5718	0	2
5719	0	2
5720	0	1
5721	0	1
5722	0	1
5723	0	1
5724	0	1
5725	0	1
5726	0	1
5727	0	1
5728	0	1
5729	0	2
5730	0	1
5731	0	2
5732	0	1
5733	0	1
5734	0	1
5735	0	1
5736	0	1
5737	0	1
5738	0	3
5739	0	1
5740	0	1
5741	0	1
5742	0	1
5743	0	1
5744	0	1
5745	0	1
5746	0	2
5747	0	2
5748	0	2
5749	0	2
5750	0	1
5751	0	1
5752	0	1
5753	0	1
5754	0	1
5755	0	1
5756	0	1
5757	0	1
5758	0	1
5759	0	1
5760	0	3
5761	0	2
5762	0	1
5763	0	1
5764	0	2
5765	0	1
5766	0	1
5767	0	1
5768	0	2
5769	0	1
5770	0	2
5771	0	1
5772	0	1
5773	0	1
5774	0	1
5775	0	1
5776	0	1
5777	0	1
5778	0	1
5779	0	1
5780	0	1
5781	0	1
5782	0	2
5783	0	1
5784	0	1
5785	0	1
5786	0	1
5787	0	2
5788	0	1
5789	0	1
5790	0	1
5791	0	2
5792	0	1
5793	0	1
5794	0	1
5795	0	1
5796	0	1
5797	0	1
5798	0	1
5799	0	1
5800	0	1
5801	0	1
5802	0	1
5803	0	2
5804	0	2
5805	0	1
5806	0	2
5807	0	1
5808	0	1
5809	0	1
5810	0	2
5811	0	1
5812	0	1
5813	0	1
5814	0	1
5815	0	1
5816	0	1
5817	0	1
5818	0	1
5819	0	2
5820	0	2
5821	0	1
5822	0	1
5823	0	1
5824	0	1
5825	0	1
5826	0	1
5827	0	1
5828	0	1
5829	0	1
5830	0	1
5831	0	2
5832	0	1
5833	0	1
5834	0	1
5835	0	1
5836	0	1
5837	0	2
5838	0	2
5839	0	1
5840	0	3
5841	0	2
5842	0	1
5843	0	1
5844	0	1
5845	0	2
5846	0	2
5847	0	2
5848	0	1
5849	0	1
5850	0	1
5851	0	1
5852	0	1
5853	0	2
5854	0	2
5855	0	1
5856	0	1
5857	0	1
5858	0	3
5859	0	1
5860	0	1
5861	0	1
5862	0	1
5863	0	2
5864	0	1
5865	0	2
5866	0	1
5867	0	2
5868	0	1
5869	0	1
5870	0	1
5871	0	1
5872	0	1
5873	0	1
5874	0	1
5875	0	1
5876	0	1
5877	0	2
5878	0	1
5879	0	2
5880	0	1
5881	0	1
5882	0	2
5883	0	1
5884	0	1
5885	0	1
5886	0	2
5887	0	1
5888	0	1
5889	0	1
5890	0	1
5891	0	1
5892	0	2
5893	0	1
5894	0	2
5895	0	1
5896	0	2
5897	0	1
5898	0	1
5899	0	1
5900	0	1
5901	0	1
5902	0	1
5903	0	1
5904	0	1
5905	0	1
5906	0	1
5907	0	1
5908	0	1
5909	0	2
5910	0	1
5911	0	1
5912	0	1
5913	0	2
5914	0	1
5915	0	1
5916	0	1
5917	0	3
5918	0	1
5919	0	1
5920	0	1
5921	0	2
5922	0	2
5923	0	2
5924	0	2
5925	0	2
5926	0	1
5927	0	3
5928	0	1
5929	0	1
5930	0	1
5931	0	1
5932	0	1
5933	0	1
5934	0	1
5935	0	1
5936	0	1
5937	0	2
5938	0	1
5939	0	1
5940	0	1
5941	0	2
5942	0	2
5943	0	1
5944	0	1
5945	0	1
5946	0	3
5947	0	1
5948	0	2
5949	0	1
5950	0	1
5951	0	1
5952	0	1
5953	0	2
5954	0	2
5955	0	1
5956	0	1
5957	0	2
5958	0	2
5959	0	1
5960	0	1
5961	0	1
5962	0	2
5963	0	1
5964	0	1
5965	0	1
5966	0	1
5967	0	2
5968	0	2
5969	0	1
5970	0	1
5971	0	1
5972	0	1
5973	0	1
5974	0	2
5975	0	1
5976	0	1
5977	0	1
5978	0	1
5979	0	1
5980	0	1
5981	0	1
5982	0	1
5983	0	1
5984	0	1
5985	0	2
5986	0	1
5987	0	1
5988	0	2
5989	0	1
5990	0	1
5991	0	3
5992	0	2
5993	0	1
5994	0	2
5995	0	1
5996	0	1
5997	0	1
5998	0	2
5999	0	1
6000	0	2
6001	0	1
6002	0	2
6003	0	3
6004	0	2
6005	0	1
6006	0	2
6007	0	1
6008	0	1
6009	0	1
6010	0	1
6011	0	1
6012	0	1
6013	0	1
6014	0	1
6015	0	2
6016	0	1
6017	0	1
6018	0	1
6019	0	1
6020	0	2
6021	0	2
6022	0	1
6023	0	1
6024	0	2
6025	0	2
6026	0	1
6027	0	1
6028	0	2
6029	0	1
6030	0	1
6031	0	1
6032	0	1
6033	0	1
6034	0	1
6035	0	3
6036	0	1
6037	0	2
6038	0	2
6039	0	1
6040	0	1
6041	0	2
6042	0	2
6043	0	1
6044	0	2
6045	0	1
6046	0	1
6047	0	1
6048	0	1
6049	0	1
6050	0	1
6051	0	1
6052	0	3
6053	0	2
6054	0	2
6055	0	2
6056	0	1
6057	0	1
6058	0	1
6059	0	1
6060	0	1
6061	0	1
6062	0	1
6063	0	1
6064	0	2
6065	0	1
6066	0	1
6067	0	2
6068	0	2
6069	0	1
6070	0	1
6071	0	1
6072	0	2
6073	0	1
6074	0	2
6075	0	1
6076	0	1
6077	0	1
6078	0	3
6079	0	2
6080	0	1
6081	0	1
6082	0	1
6083	0	2
6084	0	1
6085	0	1
6086	0	1
6087	0	1
6088	0	2
6089	0	1
6090	0	2
6091	0	2
6092	0	2
6093	0	1
6094	0	1
6095	0	1
6096	0	1
6097	0	1
6098	0	1
6099	0	1
6100	0	1
6101	0	1
6102	0	2
6103	0	1
6104	0	2
6105	0	1
6106	0	1
6107	0	1
6108	0	1
6109	0	1
6110	0	1
6111	0	1
6112	0	1
6113	0	1
6114	0	1
6115	0	1
6116	0	1
6117	0	1
6118	0	1
6119	0	1
6120	0	2
6121	0	1
6122	0	1
6123	0	2
6124	0	1
6125	0	1
6126	0	1
6127	0	1
6128	0	1
6129	0	2
6130	0	1
6131	0	1
6132	0	1
6133	0	2
6134	0	2
6135	0	1
6136	0	1
6137	0	1
6138	0	2
6139	0	1
6140	0	1
6141	0	1
6142	0	2
6143	0	1
6144	0	1
6145	0	3
6146	0	2
6147	0	2
6148	0	1
6149	0	1
6150	0	1
6151	0	2
6152	0	1
6153	0	1
6154	0	2
6155	0	1
6156	0	2
6157	0	2
6158	0	1
6159	0	1
6160	0	1
6161	0	1
6162	0	1
6163	0	2
6164	0	2
6165	0	2
6166	0	1
6167	0	2
6168	0	1
6169	0	1
6170	0	1
6171	0	1
6172	0	2
6173	0	2
6174	0	2
6175	0	3
6176	0	1
6177	0	2
6178	0	2
6179	0	1
6180	0	2
6181	0	1
6182	0	1
6183	0	1
6184	0	1
6185	0	1
6186	0	1
6187	0	1
6188	0	1
6189	0	1
6190	0	1
6191	0	1
6192	0	1
6193	0	1
6194	0	1
6195	0	1
6196	0	1
6197	0	2
6198	0	1
6199	0	3
6200	0	2
6201	0	1
6202	0	1
6203	0	1
6204	0	1
6205	0	1
6206	0	1
6207	0	3
6208	0	2
6209	0	2
6210	0	1
6211	0	1
6212	0	1
6213	0	2
6214	0	2
6215	0	1
6216	0	1
6217	0	1
6218	0	1
6219	0	2
6220	0	1
6221	0	1
6222	0	1
6223	0	1
6224	0	3
6225	0	1
6226	0	2
6227	0	1
6228	0	1
6229	0	1
6230	0	1
6231	0	1
6232	0	1
6233	0	1
6234	0	1
6235	0	1
6236	0	1
6237	0	1
6238	0	2
6239	0	2
6240	0	2
6241	0	1
6242	0	1
6243	0	1
6244	0	2
6245	0	2
6246	0	1
6247	0	1
6248	0	1
6249	0	1
6250	0	2
6251	0	1
6252	0	1
6253	0	1
6254	0	2
6255	0	1
6256	0	2
6257	0	1
6258	0	2
6259	0	1
6260	0	1
6261	0	1
6262	0	2
6263	0	1
6264	0	1
6265	0	2
6266	0	1
6267	0	1
6268	0	2
6269	0	1
6270	0	1
6271	0	2
6272	0	1
6273	0	1
6274	0	1
6275	0	1
6276	0	1
6277	0	1
6278	0	2
6279	0	1
6280	0	1
6281	0	1
6282	0	1
6283	0	1
6284	0	1
6285	0	1
6286	0	1
6287	0	1
6288	0	1
6289	0	1
6290	0	1
6291	0	1
6292	0	1
6293	0	1
6294	0	1
6295	0	1
6296	0	1
6297	0	1
6298	0	1
6299	0	2
6300	0	1
6301	0	2
6302	0	1
6303	0	1
6304	0	2
6305	0	2
6306	0	1
6307	0	1
6308	0	2
6309	0	1
6310	0	1
6311	0	1
6312	0	1
6313	0	1
6314	0	1
6315	0	2
6316	0	1
6317	0	1
6318	0	1
6319	0	3
6320	0	1
6321	0	2
6322	0	2
6323	0	1
6324	0	1
6325	0	2
6326	0	1
6327	0	1
6328	0	1
6329	0	1
6330	0	1
6331	0	1
6332	0	2
6333	0	1
6334	0	1
6335	0	1
6336	0	2
6337	0	2
6338	0	1
6339	0	2
6340	0	1
6341	0	1
6342	0	1
6343	0	1
6344	0	1
6345	0	2
6346	0	1
6347	0	1
6348	0	2
6349	0	1
6350	0	1
6351	0	1
6352	0	1
6353	0	1
6354	0	1
6355	0	2
6356	0	1
6357	0	1
6358	0	1
6359	0	1
6360	0	1
6361	0	1
6362	0	2
6363	0	1
6364	0	1
6365	0	1
6366	0	1
6367	0	1
6368	0	1
6369	0	3
6370	0	1
6371	0	1
6372	0	1
6373	0	1
6374	0	1
6375	0	1
6376	0	1
6377	0	1
6378	0	2
6379	0	2
6380	0	2
6381	0	1
6382	0	1
6383	0	1
6384	0	1
6385	0	1
6386	0	2
6387	0	2
6388	0	1
6389	0	2
6390	0	2
6391	0	1
6392	0	1
6393	0	2
6394	0	1
6395	0	1
6396	0	1
6397	0	3
6398	0	2
6399	0	1
6400	0	2
6401	0	1
6402	0	1
6403	0	1
6404	0	1
6405	0	1
6406	0	1
6407	0	1
6408	0	2
6409	0	2
6410	0	1
6411	0	1
6412	0	1
6413	0	2
6414	0	1
6415	0	1
6416	0	1
6417	0	1
6418	0	1
6419	0	1
6420	0	1
6421	0	1
6422	0	1
6423	0	2
6424	0	1
6425	0	1
6426	0	2
6427	0	1
6428	0	1
6429	0	2
6430	0	1
6431	0	1
6432	0	2
6433	0	2
6434	0	1
6435	0	1
6436	0	1
6437	0	2
6438	0	2
6439	0	1
6440	0	1
6441	0	2
6442	0	3
6443	0	1
6444	0	1
6445	0	1
6446	0	1
6447	0	2
6448	0	1
6449	0	1
6450	0	1
6451	0	1
6452	0	1
6453	0	2
6454	0	1
6455	0	1
6456	0	1
6457	0	1
6458	0	1
6459	0	2
6460	0	1
6461	0	1
6462	0	3
6463	0	1
6464	0	1
6465	0	1
6466	0	2
6467	0	1
6468	0	1
6469	0	1
6470	0	1
6471	0	1
6472	0	1
6473	0	1
6474	0	2
6475	0	2
6476	0	1
6477	0	2
6478	0	1
6479	0	1
6480	0	1
6481	0	1
6482	0	1
6483	0	1
6484	0	1
6485	0	1
6486	0	1
6487	0	1
6488	0	2
6489	0	1
6490	0	1
6491	0	1
6492	0	1
6493	0	1
6494	0	1
6495	0	1
6496	0	1
6497	0	1
6498	0	1
6499	0	1
6500	0	1
6501	0	1
6502	0	1
6503	0	1
6504	0	1
6505	0	2
6506	0	1
6507	0	1
6508	0	1
6509	0	1
6510	0	2
6511	0	1
6512	0	2
6513	0	1
6514	0	1
6515	0	1
6516	0	2
6517	0	2
6518	0	2
6519	0	1
6520	0	1
6521	0	1
6522	0	1
6523	0	1
6524	0	1
6525	0	1
6526	0	1
6527	0	1
6528	0	1
6529	0	3
6530	0	1
6531	0	1
6532	0	1
6533	0	2
6534	0	1
6535	0	1
6536	0	1
6537	0	2
6538	0	1
6539	0	1
6540	0	2
6541	0	1
6542	0	1
6543	0	1
6544	0	1
6545	0	1
6546	0	2
6547	0	2
6548	0	2
6549	0	1
6550	0	1
6551	0	1
6552	0	1
6553	0	2
6554	0	1
6555	0	1
6556	0	2
6557	0	2
6558	0	1
6559	0	1
6560	0	1
6561	0	1
6562	0	2
6563	0	2
6564	0	2
6565	0	1
6566	0	1
6567	0	1
6568	0	1
6569	0	1
6570	0	1
6571	0	1
6572	0	1
6573	0	1
6574	0	1
6575	0	2
6576	0	2
6577	0	1
6578	0	1
6579	0	2
6580	0	1
6581	0	1
6582	0	1
6583	0	1
6584	0	1
6585	0	1
6586	0	2
6587	0	1
6588	0	2
6589	0	2
6590	0	2
6591	0	1
6592	0	1
6593	0	1
6594	0	2
6595	0	1
6596	0	1
6597	0	2
6598	0	2
6599	0	1
6600	0	1
6601	0	1
6602	0	1
6603	0	1
6604	0	1
6605	0	1
6606	0	1
6607	0	2
6608	0	1
6609	0	2
6610	0	1
6611	0	1
6612	0	1
6613	0	1
6614	0	1
6615	0	1
6616	0	2
6617	0	1
6618	0	1
6619	0	1
6620	0	2
6621	0	1
6622	0	1
6623	0	1
6624	0	1
6625	0	1
6626	0	2
6627	0	1
6628	0	1
6629	0	1
6630	0	1
6631	0	1
6632	0	1
6633	0	1
6634	0	2
6635	0	1
6636	0	1
6637	0	1
6638	0	1
6639	0	1
6640	0	1
6641	0	1
6642	0	1
6643	0	1
6644	0	1
6645	0	2
6646	0	1
6647	0	1
6648	0	1
6649	0	1
6650	0	2
6651	0	1
6652	0	1
6653	0	2
6654	0	2
6655	0	2
6656	0	1
6657	0	2
6658	0	1
6659	0	1
6660	0	1
6661	0	1
6662	0	1
6663	0	2
6664	0	1
6665	0	1
6666	0	1
6667	0	1
6668	0	1
6669	0	1
6670	0	1
6671	0	1
6672	0	1
6673	0	1
6674	0	1
6675	0	3
6676	0	1
6677	0	2
6678	0	2
6679	0	2
6680	0	1
6681	0	1
6682	0	1
6683	0	1
6684	0	1
6685	0	1
6686	0	1
6687	0	1
6688	0	2
6689	0	1
6690	0	1
6691	0	1
6692	0	1
6693	0	1
6694	0	1
6695	0	1
6696	0	2
6697	0	1
6698	0	1
6699	0	1
6700	0	1
6701	0	2
6702	0	1
6703	0	1
6704	0	2
6705	0	1
6706	0	1
6707	0	2
6708	0	1
6709	0	1
6710	0	1
6711	0	1
6712	0	1
6713	0	2
6714	0	1
6715	0	1
6716	0	1
6717	0	2
6718	0	1
6719	0	1
6720	0	1
6721	0	1
6722	0	1
6723	0	1
6724	0	3
6725	0	1
6726	0	1
6727	0	1
6728	0	1
6729	0	1
6730	0	1
6731	0	1
6732	0	1
6733	0	2
6734	0	1
6735	0	2
6736	0	1
6737	0	2
6738	0	1
6739	0	1
6740	0	2
6741	0	1
6742	0	3
6743	0	2
6744	0	1
6745	0	2
6746	0	1
6747	0	1
6748	0	1
6749	0	1
6750	0	2
6751	0	2
6752	0	2
6753	0	1
6754	0	2
6755	0	1
6756	0	1
6757	0	1
6758	0	1
6759	0	1
6760	0	2
6761	0	1
6762	0	2
6763	0	1
6764	0	1
6765	0	1
6766	0	1
6767	0	2
6768	0	1
6769	0	1
6770	0	1
6771	0	1
6772	0	1
6773	0	1
6774	0	1
6775	0	2
6776	0	1
6777	0	1
6778	0	2
6779	0	1
6780	0	2
6781	0	2
6782	0	2
6783	0	1
6784	0	2
6785	0	1
6786	0	1
6787	0	1
6788	0	1
6789	0	1
6790	0	1
6791	0	1
6792	0	1
6793	0	1
6794	0	1
6795	0	1
6796	0	1
6797	0	2
6798	0	1
6799	0	1
6800	0	1
6801	0	1
6802	0	2
6803	0	1
6804	0	1
6805	0	1
6806	0	1
6807	0	1
6808	0	2
6809	0	1
6810	0	1
6811	0	1
6812	0	1
6813	0	1
6814	0	1
6815	0	3
6816	0	1
6817	0	1
6818	0	2
6819	0	1
6820	0	1
6821	0	1
6822	0	1
6823	0	2
6824	0	1
6825	0	1
6826	0	2
6827	0	2
6828	0	1
6829	0	2
6830	0	1
6831	0	2
6832	0	2
6833	0	2
6834	0	1
6835	0	1
6836	0	2
6837	0	1
6838	0	2
6839	0	1
6840	0	2
6841	0	1
6842	0	1
6843	0	1
6844	0	1
6845	0	2
6846	0	1
6847	0	1
6848	0	1
6849	0	3
6850	0	2
6851	0	2
6852	0	1
6853	0	1
6854	0	1
6855	0	2
6856	0	1
6857	0	2
6858	0	1
6859	0	1
6860	0	2
6861	0	1
6862	0	1
6863	0	1
6864	0	1
6865	0	1
6866	0	2
6867	0	2
6868	0	2
6869	0	1
6870	0	2
6871	0	2
6872	0	2
6873	0	2
6874	0	1
6875	0	1
6876	0	2
6877	0	1
6878	0	1
6879	0	1
6880	0	2
6881	0	1
6882	0	1
6883	0	2
6884	0	2
6885	0	1
6886	0	2
6887	0	1
6888	0	1
6889	0	1
6890	0	1
6891	0	2
6892	0	2
6893	0	1
6894	0	1
6895	0	1
6896	0	2
6897	0	1
6898	0	1
6899	0	1
6900	0	2
6901	0	1
6902	0	1
6903	0	1
6904	0	2
6905	0	1
6906	0	2
6907	0	1
6908	0	1
6909	0	1
6910	0	1
6911	0	1
6912	0	2
6913	0	1
6914	0	3
6915	0	2
6916	0	1
6917	0	1
6918	0	1
6919	0	1
6920	0	1
6921	0	2
6922	0	1
6923	0	1
6924	0	1
6925	0	1
6926	0	1
6927	0	1
6928	0	2
6929	0	2
6930	0	1
6931	0	1
6932	0	2
6933	0	2
6934	0	2
6935	0	2
6936	0	1
6937	0	1
6938	0	1
6939	0	1
6940	0	1
6941	0	1
6942	0	1
6943	0	1
6944	0	1
6945	0	1
6946	0	1
6947	0	1
6948	0	2
6949	0	1
6950	0	2
6951	0	1
6952	0	1
6953	0	1
6954	0	2
6955	0	1
6956	0	2
6957	0	2
6958	0	1
6959	0	1
6960	0	2
6961	0	1
6962	0	2
6963	0	1
6964	0	2
6965	0	1
6966	0	1
6967	0	1
6968	0	2
6969	0	2
6970	0	1
6971	0	1
6972	0	2
6973	0	1
6974	0	2
6975	0	1
6976	0	2
6977	0	2
6978	0	1
6979	0	2
6980	0	1
6981	0	1
6982	0	1
6983	0	1
6984	0	1
6985	0	1
6986	0	1
6987	0	2
6988	0	1
6989	0	1
6990	0	1
6991	0	1
6992	0	1
6993	0	1
6994	0	1
6995	0	1
6996	0	1
6997	0	1
6998	0	2
6999	0	1
7000	0	2
7001	0	1
7002	0	1
7003	0	2
7004	0	2
7005	0	2
7006	0	2
7007	0	1
7008	0	1
7009	0	2
7010	0	2
7011	0	1
7012	0	2
7013	0	1
7014	0	2
7015	0	1
7016	0	1
7017	0	2
7018	0	1
7019	0	1
7020	0	1
7021	0	1
7022	0	2
7023	0	1
7024	0	1
7025	0	2
7026	0	1
7027	0	2
7028	0	1
7029	0	1
7030	0	2
7031	0	1
7032	0	1
7033	0	1
7034	0	2
7035	0	1
7036	0	2
7037	0	2
7038	0	1
7039	0	1
7040	0	2
7041	0	1
7042	0	1
7043	0	1
7044	0	1
7045	0	1
7046	0	3
7047	0	2
7048	0	1
7049	0	1
7050	0	2
7051	0	2
7052	0	2
7053	0	1
7054	0	1
7055	0	1
7056	0	2
7057	0	1
7058	0	2
7059	0	1
7060	0	2
7061	0	2
7062	0	1
7063	0	1
7064	0	2
7065	0	1
7066	0	1
7067	0	1
7068	0	2
7069	0	1
7070	0	1
7071	0	1
7072	0	2
7073	0	1
7074	0	2
7075	0	1
7076	0	2
7077	0	1
7078	0	1
7079	0	1
7080	0	2
7081	0	1
7082	0	1
7083	0	1
7084	0	2
7085	0	1
7086	0	1
7087	0	1
7088	0	1
7089	0	1
7090	0	1
7091	0	1
7092	0	1
7093	0	1
7094	0	2
7095	0	1
7096	0	2
7097	0	1
7098	0	1
7099	0	1
7100	0	1
7101	0	2
7102	0	1
7103	0	1
7104	0	2
7105	0	2
7106	0	2
7107	0	1
7108	0	1
7109	0	1
7110	0	1
7111	0	1
7112	0	2
7113	0	1
7114	0	1
7115	0	2
7116	0	1
7117	0	2
7118	0	1
7119	0	1
7120	0	2
7121	0	1
7122	0	1
7123	0	1
7124	0	1
7125	0	1
7126	0	2
7127	0	1
7128	0	1
7129	0	1
7130	0	3
7131	0	1
7132	0	1
7133	0	1
7134	0	2
7135	0	1
7136	0	1
7137	0	2
7138	0	1
7139	0	1
7140	0	1
7141	0	1
7142	0	1
7143	0	2
7144	0	2
7145	0	1
7146	0	1
7147	0	1
7148	0	1
7149	0	1
7150	0	1
7151	0	1
7152	0	1
7153	0	1
7154	0	1
7155	0	1
7156	0	1
7157	0	1
7158	0	1
7159	0	1
7160	0	1
7161	0	1
7162	0	1
7163	0	2
7164	0	1
7165	0	1
7166	0	1
7167	0	1
7168	0	1
7169	0	2
7170	0	1
7171	0	1
7172	0	2
7173	0	1
7174	0	1
7175	0	1
7176	0	2
7177	0	2
7178	0	1
7179	0	2
7180	0	1
7181	0	1
7182	0	1
7183	0	2
7184	0	2
7185	0	1
7186	0	2
7187	0	2
7188	0	2
7189	0	1
7190	0	1
7191	0	1
7192	0	2
7193	0	1
7194	0	2
7195	0	1
7196	0	2
7197	0	2
7198	0	1
7199	0	1
7200	0	1
7201	0	1
7202	0	1
7203	0	1
7204	0	1
7205	0	1
7206	0	1
7207	0	1
7208	0	1
7209	0	1
7210	0	2
7211	0	2
7212	0	1
7213	0	2
7214	0	1
7215	0	1
7216	0	2
7217	0	1
7218	0	1
7219	0	2
7220	0	2
7221	0	1
7222	0	1
7223	0	1
7224	0	1
7225	0	1
7226	0	2
7227	0	2
7228	0	1
7229	0	1
7230	0	1
7231	0	2
7232	0	1
7233	0	2
7234	0	1
7235	0	1
7236	0	1
7237	0	1
7238	0	1
7239	0	1
7240	0	1
7241	0	2
7242	0	1
7243	0	1
7244	0	1
7245	0	1
7246	0	1
7247	0	1
7248	0	1
7249	0	1
7250	0	1
7251	0	1
7252	0	1
7253	0	1
7254	0	1
7255	0	1
7256	0	1
7257	0	1
7258	0	2
7259	0	3
7260	0	1
7261	0	1
7262	0	2
7263	0	2
7264	0	2
7265	0	1
7266	0	1
7267	0	1
7268	0	1
7269	0	1
7270	0	1
7271	0	2
7272	0	1
7273	0	1
7274	0	1
7275	0	1
7276	0	2
7277	0	1
7278	0	1
7279	0	1
7280	0	1
7281	0	1
7282	0	1
7283	0	2
7284	0	1
7285	0	1
7286	0	2
7287	0	1
7288	0	2
7289	0	1
7290	0	1
7291	0	1
7292	0	1
7293	0	1
7294	0	1
7295	0	1
7296	0	2
7297	0	1
7298	0	1
7299	0	1
7300	0	2
7301	0	1
7302	0	2
7303	0	1
7304	0	1
7305	0	1
7306	0	2
7307	0	1
7308	0	2
7309	0	1
7310	0	1
7311	0	1
7312	0	1
7313	0	2
7314	0	1
7315	0	1
7316	0	2
7317	0	1
7318	0	1
7319	0	1
7320	0	2
7321	0	1
7322	0	1
7323	0	1
7324	0	1
7325	0	1
7326	0	1
7327	0	1
7328	0	1
7329	0	1
7330	0	1
7331	0	2
7332	0	1
7333	0	1
7334	0	1
7335	0	2
7336	0	1
7337	0	2
7338	0	1
7339	0	1
7340	0	1
7341	0	1
7342	0	1
7343	0	1
7344	0	1
7345	0	1
7346	0	1
7347	0	2
7348	0	1
7349	0	1
7350	0	1
7351	0	1
7352	0	2
7353	0	1
7354	0	1
7355	0	1
7356	0	3
7357	0	2
7358	0	2
7359	0	1
7360	0	1
7361	0	2
7362	0	1
7363	0	1
7364	0	1
7365	0	1
7366	0	2
7367	0	1
7368	0	1
7369	0	1
7370	0	1
7371	0	2
7372	0	2
7373	0	1
7374	0	1
7375	0	1
7376	0	1
7377	0	1
7378	0	1
7379	0	2
7380	0	1
7381	0	1
7382	0	2
7383	0	1
7384	0	2
7385	0	2
7386	0	1
7387	0	1
7388	0	1
7389	0	1
7390	0	1
7391	0	1
7392	0	1
7393	0	1
7394	0	1
7395	0	1
7396	0	1
7397	0	1
7398	0	1
7399	0	2
7400	0	1
7401	0	1
7402	0	2
7403	0	2
7404	0	1
7405	0	1
7406	0	3
7407	0	1
7408	0	1
7409	0	2
7410	0	1
7411	0	1
7412	0	1
7413	0	1
7414	0	1
7415	0	1
7416	0	1
7417	0	1
7418	0	1
7419	0	1
7420	0	1
7421	0	1
7422	0	1
7423	0	2
7424	0	1
7425	0	2
7426	0	2
7427	0	1
7428	0	1
7429	0	1
7430	0	2
7431	0	1
7432	0	1
7433	0	1
7434	0	1
7435	0	2
7436	0	1
7437	0	1
7438	0	1
7439	0	2
7440	0	2
7441	0	1
7442	0	2
7443	0	1
7444	0	2
7445	0	2
7446	0	2
7447	0	1
7448	0	1
7449	0	1
7450	0	1
7451	0	2
7452	0	1
7453	0	2
7454	0	1
7455	0	1
7456	0	1
7457	0	1
7458	0	1
7459	0	1
7460	0	2
7461	0	1
7462	0	1
7463	0	1
7464	0	1
7465	0	1
7466	0	1
7467	0	1
7468	0	1
7469	0	1
7470	0	2
7471	0	1
7472	0	2
7473	0	1
7474	0	2
7475	0	1
7476	0	1
7477	0	1
7478	0	1
7479	0	1
7480	0	1
7481	0	1
7482	0	1
7483	0	2
7484	0	1
7485	0	1
7486	0	1
7487	0	1
7488	0	1
7489	0	1
7490	0	1
7491	0	2
7492	0	2
7493	0	1
7494	0	1
7495	0	1
7496	0	1
7497	0	1
7498	0	2
7499	0	1
7500	0	1
7501	0	1
7502	0	1
7503	0	1
7504	0	2
7505	0	2
7506	0	1
7507	0	2
7508	0	1
7509	0	1
7510	0	2
7511	0	1
7512	0	2
7513	0	1
7514	0	1
7515	0	2
7516	0	1
7517	0	1
7518	0	2
7519	0	2
7520	0	2
7521	0	2
7522	0	1
7523	0	1
7524	0	1
7525	0	1
7526	0	2
7527	0	1
7528	0	1
7529	0	1
7530	0	1
7531	0	1
7532	0	1
7533	0	1
7534	0	1
7535	0	1
7536	0	1
7537	0	1
7538	0	1
7539	0	1
7540	0	2
7541	0	1
7542	0	1
7543	0	1
7544	0	2
7545	0	1
7546	0	2
7547	0	2
7548	0	2
7549	0	1
7550	0	2
7551	0	1
7552	0	1
7553	0	1
7554	0	1
7555	0	1
7556	0	2
7557	0	1
7558	0	2
7559	0	1
7560	0	1
7561	0	1
7562	0	1
7563	0	1
7564	0	1
7565	0	1
7566	0	1
7567	0	1
7568	0	1
7569	0	1
7570	0	2
7571	0	1
7572	0	1
7573	0	2
7574	0	2
7575	0	2
7576	0	1
7577	0	1
7578	0	3
7579	0	1
7580	0	1
7581	0	1
7582	0	1
7583	0	1
7584	0	1
7585	0	2
7586	0	2
7587	0	1
7588	0	1
7589	0	1
7590	0	1
7591	0	2
7592	0	2
7593	0	1
7594	0	1
7595	0	2
7596	0	1
7597	0	1
7598	0	1
7599	0	2
7600	0	2
7601	0	1
7602	0	1
7603	0	1
7604	0	1
7605	0	2
7606	0	2
7607	0	1
7608	0	2
7609	0	1
7610	0	1
7611	0	1
7612	0	1
7613	0	2
7614	0	1
7615	0	1
7616	0	1
7617	0	2
7618	0	1
7619	0	2
7620	0	1
7621	0	1
7622	0	2
7623	0	1
7624	0	1
7625	0	3
7626	0	1
7627	0	1
7628	0	1
7629	0	1
7630	0	1
7631	0	1
7632	0	1
7633	0	1
7634	0	1
7635	0	1
7636	0	1
7637	0	1
7638	0	1
7639	0	1
7640	0	1
7641	0	2
7642	0	1
7643	0	1
7644	0	1
7645	0	1
7646	0	1
7647	0	2
7648	0	1
7649	0	1
7650	0	2
7651	0	1
7652	0	1
7653	0	2
7654	0	1
7655	0	1
7656	0	2
7657	0	1
7658	0	1
7659	0	1
7660	0	1
7661	0	2
7662	0	1
7663	0	1
7664	0	1
7665	0	1
7666	0	1
7667	0	2
7668	0	2
7669	0	1
7670	0	2
7671	0	1
7672	0	1
7673	0	1
7674	0	1
7675	0	1
7676	0	1
7677	0	1
7678	0	1
7679	0	1
7680	0	1
7681	0	1
7682	0	1
7683	0	2
7684	0	1
7685	0	1
7686	0	1
7687	0	2
7688	0	1
7689	0	1
7690	0	2
7691	0	2
7692	0	1
7693	0	2
7694	0	2
7695	0	1
7696	0	1
7697	0	1
7698	0	2
7699	0	1
7700	0	1
7701	0	1
7702	0	2
7703	0	1
7704	0	1
7705	0	1
7706	0	1
7707	0	1
7708	0	1
7709	0	2
7710	0	1
7711	0	1
7712	0	3
7713	0	1
7714	0	1
7715	0	1
7716	0	2
7717	0	1
7718	0	1
7719	0	2
7720	0	1
7721	0	1
7722	0	1
7723	0	2
7724	0	1
7725	0	2
7726	0	1
7727	0	1
7728	0	1
7729	0	1
7730	0	1
7731	0	1
7732	0	2
7733	0	1
7734	0	1
7735	0	2
7736	0	1
7737	0	1
7738	0	1
7739	0	1
7740	0	1
7741	0	1
7742	0	2
7743	0	1
7744	0	3
7745	0	1
7746	0	2
7747	0	1
7748	0	1
7749	0	2
7750	0	2
7751	0	1
7752	0	1
7753	0	1
7754	0	1
7755	0	1
7756	0	1
7757	0	1
7758	0	1
7759	0	1
7760	0	1
7761	0	1
7762	0	1
7763	0	2
7764	0	1
7765	0	2
7766	0	1
7767	0	1
7768	0	1
7769	0	2
7770	0	2
7771	0	2
7772	0	1
7773	0	1
7774	0	1
7775	0	1
7776	0	1
7777	0	1
7778	0	1
7779	0	1
7780	0	1
7781	0	1
7782	0	2
7783	0	1
7784	0	1
7785	0	1
7786	0	1
7787	0	2
7788	0	1
7789	0	1
7790	0	1
7791	0	1
7792	0	1
7793	0	1
7794	0	1
7795	0	2
7796	0	1
7797	0	1
7798	0	1
7799	0	1
7800	0	1
7801	0	1
7802	0	1
7803	0	1
7804	0	2
7805	0	1
7806	0	2
7807	0	1
7808	0	2
7809	0	1
7810	0	1
7811	0	1
7812	0	1
7813	0	2
7814	0	3
7815	0	1
7816	0	2
7817	0	2
7818	0	1
7819	0	1
7820	0	1
7821	0	1
7822	0	1
7823	0	1
7824	0	1
7825	0	1
7826	0	1
7827	0	1
7828	0	1
7829	0	1
7830	0	1
7831	0	1
7832	0	1
7833	0	1
7834	0	1
7835	0	1
7836	0	2
7837	0	1
7838	0	1
7839	0	1
7840	0	1
7841	0	1
7842	0	1
7843	0	1
7844	0	1
7845	0	1
7846	0	1
7847	0	1
7848	0	3
7849	0	1
7850	0	1
7851	0	1
7852	0	2
7853	0	1
7854	0	2
7855	0	1
7856	0	1
7857	0	1
7858	0	2
7859	0	1
7860	0	1
7861	0	1
7862	0	1
7863	0	2
7864	0	1
7865	0	1
7866	0	1
7867	0	1
7868	0	1
7869	0	1
7870	0	2
7871	0	2
7872	0	1
7873	0	1
7874	0	2
7875	0	1
7876	0	1
7877	0	1
7878	0	2
7879	0	3
7880	0	2
7881	0	1
7882	0	1
7883	0	2
7884	0	2
7885	0	1
7886	0	1
7887	0	1
7888	0	1
7889	0	1
7890	0	1
7891	0	1
7892	0	1
7893	0	2
7894	0	1
7895	0	2
7896	0	3
7897	0	2
7898	0	1
7899	0	1
7900	0	1
7901	0	2
7902	0	1
7903	0	1
7904	0	2
7905	0	1
7906	0	1
7907	0	2
7908	0	2
7909	0	1
7910	0	1
7911	0	1
7912	0	1
7913	0	2
7914	0	1
7915	0	1
7916	0	3
7917	0	2
7918	0	1
7919	0	2
7920	0	1
7921	0	1
7922	0	1
7923	0	1
7924	0	2
7925	0	2
7926	0	1
7927	0	1
7928	0	1
7929	0	1
7930	0	1
7931	0	1
7932	0	1
7933	0	2
7934	0	2
7935	0	1
7936	0	1
7937	0	1
7938	0	2
7939	0	1
7940	0	1
7941	0	1
7942	0	1
7943	0	1
7944	0	1
7945	0	2
7946	0	1
7947	0	1
7948	0	1
7949	0	1
7950	0	1
7951	0	1
7952	0	2
7953	0	1
7954	0	1
7955	0	2
7956	0	1
7957	0	1
7958	0	1
7959	0	1
7960	0	1
7961	0	2
7962	0	1
7963	0	2
7964	0	2
7965	0	1
7966	0	1
7967	0	1
7968	0	1
7969	0	2
7970	0	1
7971	0	1
7972	0	1
7973	0	1
7974	0	1
7975	0	1
7976	0	1
7977	0	1
7978	0	1
7979	0	2
7980	0	1
7981	0	1
7982	0	1
7983	0	1
7984	0	1
7985	0	1
7986	0	1
7987	0	1
7988	0	1
7989	0	1
7990	0	1
7991	0	1
7992	0	1
7993	0	1
7994	0	1
7995	0	2
7996	0	2
7997	0	1
7998	0	1
7999	0	1
8000	0	2
8001	0	1
8002	0	2
8003	0	2
8004	0	1
8005	0	1
8006	0	1
8007	0	1
8008	0	2
8009	0	1
8010	0	1
8011	0	1
8012	0	1
8013	0	1
8014	0	1
8015	0	1
8016	0	1
8017	0	1
8018	0	2
8019	0	1
8020	0	2
8021	0	2
8022	0	1
8023	0	1
8024	0	1
8025	0	1
8026	0	2
8027	0	2
8028	0	1
8029	0	2
8030	0	1
8031	0	1
8032	0	1
8033	0	1
8034	0	1
8035	0	1
8036	0	1
8037	0	1
8038	0	1
8039	0	1
8040	0	1
8041	0	1
8042	0	2
8043	0	1
8044	0	2
8045	0	2
8046	0	1
8047	0	1
8048	0	1
8049	0	2
8050	0	1
8051	0	1
8052	0	2
8053	0	2
8054	0	1
8055	0	1
8056	0	2
8057	0	1
8058	0	1
8059	0	1
8060	0	1
8061	0	1
8062	0	1
8063	0	1
8064	0	1
8065	0	1
8066	0	2
8067	0	2
8068	0	2
8069	0	1
8070	0	2
8071	0	2
8072	0	1
8073	0	1
8074	0	1
8075	0	1
8076	0	1
8077	0	1
8078	0	1
8079	0	1
8080	0	2
8081	0	1
8082	0	1
8083	0	1
8084	0	1
8085	0	2
8086	0	1
8087	0	1
8088	0	1
8089	0	1
8090	0	2
8091	0	2
8092	0	1
8093	0	1
8094	0	1
8095	0	1
8096	0	2
8097	0	1
8098	0	1
8099	0	1
8100	0	1
8101	0	2
8102	0	1
8103	0	1
8104	0	1
8105	0	2
8106	0	3
8107	0	2
8108	0	1
8109	0	1
8110	0	1
8111	0	2
8112	0	1
8113	0	2
8114	0	1
8115	0	1
8116	0	1
8117	0	1
8118	0	1
8119	0	1
8120	0	1
8121	0	2
8122	0	1
8123	0	3
8124	0	1
8125	0	1
8126	0	1
8127	0	1
8128	0	2
8129	0	1
8130	0	2
8131	0	1
8132	0	2
8133	0	2
8134	0	1
8135	0	1
8136	0	1
8137	0	3
8138	0	2
8139	0	1
8140	0	1
8141	0	2
8142	0	1
8143	0	1
8144	0	1
8145	0	2
8146	0	1
8147	0	1
8148	0	2
8149	0	2
8150	0	1
8151	0	1
8152	0	1
8153	0	1
8154	0	1
8155	0	1
8156	0	1
8157	0	1
8158	0	1
8159	0	2
8160	0	1
8161	0	1
8162	0	2
8163	0	1
8164	0	1
8165	0	1
8166	0	2
8167	0	1
8168	0	1
8169	0	1
8170	0	1
8171	0	1
8172	0	2
8173	0	1
8174	0	1
8175	0	1
8176	0	1
8177	0	2
8178	0	1
8179	0	1
8180	0	2
8181	0	1
8182	0	1
8183	0	1
8184	0	2
8185	0	2
8186	0	2
8187	0	1
8188	0	2
8189	0	2
8190	0	2
8191	0	1
8192	0	2
8193	0	2
8194	0	1
8195	0	1
8196	0	2
8197	0	1
8198	0	2
8199	0	1
8200	0	2
8201	0	2
8202	0	1
8203	0	1
8204	0	1
8205	0	2
8206	0	1
8207	0	1
8208	0	1
8209	0	1
8210	0	2
8211	0	2
8212	0	1
8213	0	1
8214	0	1
8215	0	1
8216	0	1
8217	0	2
8218	0	1
8219	0	1
8220	0	1
8221	0	1
8222	0	1
8223	0	1
8224	0	1
8225	0	1
8226	0	2
8227	0	1
8228	0	1
8229	0	1
8230	0	1
8231	0	1
8232	0	1
8233	0	1
8234	0	1
8235	0	1
8236	0	1
8237	0	2
8238	0	1
8239	0	1
8240	0	1
8241	0	2
8242	0	2
8243	0	1
8244	0	1
8245	0	1
8246	0	1
8247	0	1
8248	0	1
8249	0	1
8250	0	1
8251	0	1
8252	0	1
8253	0	1
8254	0	1
8255	0	2
8256	0	1
8257	0	1
8258	0	2
8259	0	1
8260	0	1
8261	0	1
8262	0	1
8263	0	1
8264	0	1
8265	0	2
8266	0	1
8267	0	1
8268	0	1
8269	0	2
8270	0	1
8271	0	2
8272	0	1
8273	0	1
8274	0	1
8275	0	1
8276	0	1
8277	0	1
8278	0	1
8279	0	1
8280	0	1
8281	0	2
8282	0	1
8283	0	2
8284	0	1
8285	0	1
8286	0	1
8287	0	1
8288	0	1
8289	0	1
8290	0	1
8291	0	1
8292	0	1
8293	0	1
8294	0	1
8295	0	1
8296	0	1
8297	0	1
8298	0	1
8299	0	1
8300	0	1
8301	0	1
8302	0	1
8303	0	1
8304	0	1
8305	0	1
8306	0	2
8307	0	1
8308	0	1
8309	0	1
8310	0	2
8311	0	1
8312	0	2
8313	0	1
8314	0	2
8315	0	2
8316	0	1
8317	0	1
8318	0	1
8319	0	1
8320	0	2
8321	0	1
8322	0	2
8323	0	3
8324	0	1
8325	0	1
8326	0	2
8327	0	2
8328	0	1
8329	0	2
8330	0	1
8331	0	2
8332	0	2
8333	0	1
8334	0	1
8335	0	1
8336	0	1
8337	0	1
8338	0	1
8339	0	2
8340	0	1
8341	0	1
8342	0	1
8343	0	2
8344	0	1
8345	0	1
8346	0	3
8347	0	2
8348	0	1
8349	0	1
8350	0	2
8351	0	1
8352	0	1
8353	0	2
8354	0	1
8355	0	2
8356	0	1
8357	0	1
8358	0	1
8359	0	1
8360	0	1
8361	0	2
8362	0	2
8363	0	2
8364	0	2
8365	0	1
8366	0	1
8367	0	1
8368	0	1
8369	0	1
8370	0	1
8371	0	1
8372	0	2
8373	0	1
8374	0	1
8375	0	1
8376	0	1
8377	0	1
8378	0	1
8379	0	2
8380	0	1
8381	0	1
8382	0	1
8383	0	3
8384	0	1
8385	0	1
8386	0	1
8387	0	2
8388	0	2
8389	0	1
8390	0	2
8391	0	1
8392	0	1
8393	0	1
8394	0	2
8395	0	1
8396	0	1
8397	0	2
8398	0	1
8399	0	1
8400	0	1
8401	0	2
8402	0	1
8403	0	1
8404	0	3
8405	0	1
8406	0	2
8407	0	1
8408	0	1
8409	0	1
8410	0	2
8411	0	2
8412	0	2
8413	0	1
8414	0	1
8415	0	1
8416	0	2
8417	0	1
8418	0	1
8419	0	2
8420	0	1
8421	0	1
8422	0	1
8423	0	1
8424	0	2
8425	0	1
8426	0	2
8427	0	1
8428	0	2
8429	0	2
8430	0	1
8431	0	1
8432	0	1
8433	0	2
8434	0	1
8435	0	3
8436	0	1
8437	0	1
8438	0	1
8439	0	1
8440	0	1
8441	0	1
8442	0	1
8443	0	1
8444	0	1
8445	0	1
8446	0	1
8447	0	1
8448	0	2
8449	0	1
8450	0	2
8451	0	1
8452	0	2
8453	0	1
8454	0	1
8455	0	1
8456	0	1
8457	0	1
8458	0	1
8459	0	2
8460	0	1
8461	0	1
8462	0	2
8463	0	1
8464	0	1
8465	0	1
8466	0	2
8467	0	1
8468	0	1
8469	0	1
8470	0	1
8471	0	1
8472	0	1
8473	0	1
8474	0	2
8475	0	2
8476	0	2
8477	0	1
8478	0	2
8479	0	1
8480	0	1
8481	0	1
8482	0	1
8483	0	2
8484	0	1
8485	0	2
8486	0	2
8487	0	1
8488	0	1
8489	0	2
8490	0	1
8491	0	2
8492	0	2
8493	0	2
8494	0	3
8495	0	2
8496	0	2
8497	0	1
8498	0	2
8499	0	1
8500	0	1
8501	0	1
8502	0	1
8503	0	1
8504	0	1
8505	0	1
8506	0	1
8507	0	2
8508	0	1
8509	0	1
8510	0	1
8511	0	1
8512	0	1
8513	0	1
8514	0	1
8515	0	2
8516	0	1
8517	0	1
8518	0	1
8519	0	1
8520	0	1
8521	0	2
8522	0	1
8523	0	1
8524	0	1
8525	0	1
8526	0	1
8527	0	1
8528	0	1
8529	0	2
8530	0	1
8531	0	1
8532	0	3
8533	0	1
8534	0	2
8535	0	2
8536	0	1
8537	0	1
8538	0	1
8539	0	1
8540	0	2
8541	0	1
8542	0	2
8543	0	1
8544	0	1
8545	0	1
8546	0	1
8547	0	1
8548	0	1
8549	0	1
8550	0	2
8551	0	1
8552	0	1
8553	0	1
8554	0	1
8555	0	2
8556	0	3
8557	0	1
8558	0	3
8559	0	2
8560	0	1
8561	0	2
8562	0	1
8563	0	1
8564	0	1
8565	0	1
8566	0	2
8567	0	1
8568	0	2
8569	0	1
8570	0	1
8571	0	1
8572	0	1
8573	0	1
8574	0	1
8575	0	1
8576	0	1
8577	0	2
8578	0	1
8579	0	1
8580	0	1
8581	0	3
8582	0	1
8583	0	1
8584	0	1
8585	0	1
8586	0	2
8587	0	1
8588	0	2
8589	0	1
8590	0	1
8591	0	1
8592	0	1
8593	0	1
8594	0	2
8595	0	1
8596	0	2
8597	0	1
8598	0	1
8599	0	1
8600	0	1
8601	0	1
8602	0	1
8603	0	1
8604	0	1
8605	0	1
8606	0	1
8607	0	1
8608	0	2
8609	0	1
8610	0	1
8611	0	1
8612	0	1
8613	0	1
8614	0	2
8615	0	1
8616	0	1
8617	0	1
8618	0	1
8619	0	1
8620	0	2
8621	0	2
8622	0	1
8623	0	2
8624	0	1
8625	0	2
8626	0	1
8627	0	1
8628	0	1
8629	0	2
8630	0	1
8631	0	1
8632	0	1
8633	0	1
8634	0	1
8635	0	1
8636	0	1
8637	0	3
8638	0	1
8639	0	1
8640	0	1
8641	0	1
8642	0	3
8643	0	1
8644	0	1
8645	0	1
8646	0	1
8647	0	1
8648	0	1
8649	0	1
8650	0	2
8651	0	2
8652	0	2
8653	0	2
8654	0	1
8655	0	1
8656	0	1
8657	0	1
8658	0	1
8659	0	1
8660	0	1
8661	0	2
8662	0	1
8663	0	1
8664	0	1
8665	0	1
8666	0	3
8667	0	1
8668	0	2
8669	0	3
8670	0	1
8671	0	1
8672	0	1
8673	0	2
8674	0	1
8675	0	1
8676	0	1
8677	0	1
8678	0	1
8679	0	2
8680	0	1
8681	0	2
8682	0	1
8683	0	1
8684	0	1
8685	0	1
8686	0	1
8687	0	2
8688	0	1
8689	0	2
8690	0	2
8691	0	2
8692	0	1
8693	0	1
8694	0	1
8695	0	1
8696	0	1
8697	0	1
8698	0	1
8699	0	1
8700	0	2
8701	0	1
8702	0	1
8703	0	2
8704	0	1
8705	0	2
8706	0	1
8707	0	2
8708	0	2
8709	0	1
8710	0	1
8711	0	1
8712	0	2
8713	0	1
8714	0	1
8715	0	1
8716	0	1
8717	0	2
8718	0	1
8719	0	1
8720	0	1
8721	0	1
8722	0	2
8723	0	2
8724	0	1
8725	0	1
8726	0	1
8727	0	1
8728	0	1
8729	0	1
8730	0	1
8731	0	2
8732	0	1
8733	0	1
8734	0	1
8735	0	2
8736	0	1
8737	0	2
8738	0	1
8739	0	1
8740	0	1
8741	0	1
8742	0	1
8743	0	1
8744	0	1
8745	0	1
8746	0	1
8747	0	1
8748	0	1
8749	0	1
8750	0	1
8751	0	2
8752	0	1
8753	0	1
8754	0	2
8755	0	2
8756	0	1
8757	0	1
8758	0	1
8759	0	1
8760	0	1
8761	0	1
8762	0	1
8763	0	1
8764	0	1
8765	0	2
8766	0	1
8767	0	1
8768	0	1
8769	0	1
8770	0	1
8771	0	1
8772	0	1
8773	0	1
8774	0	2
8775	0	1
8776	0	1
8777	0	1
8778	0	1
8779	0	1
8780	0	1
8781	0	1
8782	0	1
8783	0	2
8784	0	1
8785	0	1
8786	0	1
8787	0	1
8788	0	2
8789	0	2
8790	0	1
8791	0	1
8792	0	1
8793	0	1
8794	0	3
8795	0	2
8796	0	1
8797	0	2
8798	0	1
8799	0	1
8800	0	1
8801	0	2
8802	0	1
8803	0	1
8804	0	1
8805	0	1
8806	0	1
8807	0	1
8808	0	2
8809	0	2
8810	0	2
8811	0	1
8812	0	1
8813	0	2
8814	0	3
8815	0	1
8816	0	1
8817	0	1
8818	0	1
8819	0	1
8820	0	1
8821	0	1
8822	0	1
8823	0	1
8824	0	1
8825	0	1
8826	0	1
8827	0	1
8828	0	2
8829	0	1
8830	0	1
8831	0	3
8832	0	1
8833	0	1
8834	0	1
8835	0	1
8836	0	1
8837	0	1
8838	0	1
8839	0	1
8840	0	1
8841	0	1
8842	0	1
8843	0	1
8844	0	1
8845	0	1
8846	0	1
8847	0	2
8848	0	3
8849	0	1
8850	0	1
8851	0	1
8852	0	2
8853	0	2
8854	0	1
8855	0	1
8856	0	1
8857	0	1
8858	0	1
8859	0	1
8860	0	1
8861	0	1
8862	0	1
8863	0	1
8864	0	2
8865	0	1
8866	0	2
8867	0	2
8868	0	1
8869	0	1
8870	0	1
8871	0	2
8872	0	1
8873	0	1
8874	0	2
8875	0	2
8876	0	2
8877	0	1
8878	0	3
8879	0	2
8880	0	1
8881	0	1
8882	0	1
8883	0	1
8884	0	1
8885	0	2
8886	0	1
8887	0	2
8888	0	1
8889	0	1
8890	0	1
8891	0	2
8892	0	1
8893	0	1
8894	0	2
8895	0	1
8896	0	2
8897	0	1
8898	0	1
8899	0	1
8900	0	1
8901	0	1
8902	0	1
8903	0	1
8904	0	1
8905	0	2
8906	0	1
8907	0	1
8908	0	1
8909	0	2
8910	0	1
8911	0	1
8912	0	1
8913	0	1
8914	0	1
8915	0	1
8916	0	2
8917	0	1
8918	0	1
8919	0	1
8920	0	1
8921	0	1
8922	0	2
8923	0	1
8924	0	2
8925	0	1
8926	0	1
8927	0	1
8928	0	1
8929	0	1
8930	0	1
8931	0	1
8932	0	1
8933	0	1
8934	0	1
8935	0	1
8936	0	1
8937	0	1
8938	0	1
8939	0	1
8940	0	1
8941	0	2
8942	0	1
8943	0	2
8944	0	1
8945	0	1
8946	0	2
8947	0	2
8948	0	2
8949	0	1
8950	0	1
8951	0	1
8952	0	1
8953	0	1
8954	0	1
8955	0	1
8956	0	1
8957	0	1
8958	0	1
8959	0	2
8960	0	1
8961	0	1
8962	0	1
8963	0	1
8964	0	1
8965	0	2
8966	0	1
8967	0	1
8968	0	1
8969	0	1
8970	0	1
8971	0	1
8972	0	2
8973	0	2
8974	0	1
8975	0	1
8976	0	1
8977	0	2
8978	0	1
8979	0	1
8980	0	2
8981	0	1
8982	0	2
8983	0	1
8984	0	1
8985	0	1
8986	0	1
8987	0	2
8988	0	1
8989	0	2
8990	0	1
8991	0	1
8992	0	2
8993	0	1
8994	0	1
8995	0	1
8996	0	1
8997	0	2
8998	0	1
8999	0	1
9000	0	1
9001	0	1
9002	0	1
9003	0	1
9004	0	1
9005	0	1
9006	0	2
9007	0	2
9008	0	2
9009	0	1
9010	0	1
9011	0	1
9012	0	1
9013	0	2
9014	0	2
9015	0	1
9016	0	1
9017	0	1
9018	0	1
9019	0	1
9020	0	1
9021	0	1
9022	0	1
9023	0	2
9024	0	1
9025	0	1
9026	0	1
9027	0	2
9028	0	1
9029	0	2
9030	0	1
9031	0	2
9032	0	1
9033	0	2
9034	0	1
9035	0	1
9036	0	1
9037	0	1
9038	0	1
9039	0	2
9040	0	1
9041	0	1
9042	0	1
9043	0	1
9044	0	2
9045	0	1
9046	0	1
9047	0	1
9048	0	2
9049	0	1
9050	0	1
9051	0	1
9052	0	1
9053	0	1
9054	0	1
9055	0	1
9056	0	1
9057	0	2
9058	0	1
9059	0	1
9060	0	1
9061	0	1
9062	0	3
9063	0	1
9064	0	1
9065	0	1
9066	0	1
9067	0	1
9068	0	1
9069	0	2
9070	0	1
9071	0	1
9072	0	1
9073	0	1
9074	0	1
9075	0	2
9076	0	1
9077	0	1
9078	0	1
9079	0	1
9080	0	1
9081	0	1
9082	0	1
9083	0	1
9084	0	1
9085	0	1
9086	0	1
9087	0	2
9088	0	2
9089	0	1
9090	0	1
9091	0	1
9092	0	1
9093	0	1
9094	0	1
9095	0	1
9096	0	1
9097	0	1
9098	0	2
9099	0	1
9100	0	1
9101	0	1
9102	0	2
9103	0	1
9104	0	1
9105	0	2
9106	0	1
9107	0	2
9108	0	1
9109	0	2
9110	0	1
9111	0	1
9112	0	1
9113	0	1
9114	0	1
9115	0	1
9116	0	1
9117	0	2
9118	0	2
9119	0	1
9120	0	2
9121	0	1
9122	0	3
9123	0	1
9124	0	1
9125	0	1
9126	0	1
9127	0	2
9128	0	1
9129	0	1
9130	0	2
9131	0	1
9132	0	2
9133	0	1
9134	0	2
9135	0	1
9136	0	1
9137	0	2
9138	0	2
9139	0	1
9140	0	2
9141	0	1
9142	0	1
9143	0	1
9144	0	1
9145	0	1
9146	0	3
9147	0	1
9148	0	1
9149	0	1
9150	0	1
9151	0	1
9152	0	1
9153	0	2
9154	0	1
9155	0	1
9156	0	1
9157	0	1
9158	0	2
9159	0	1
9160	0	2
9161	0	2
9162	0	1
9163	0	1
9164	0	1
9165	0	1
9166	0	1
9167	0	2
9168	0	1
9169	0	1
9170	0	2
9171	0	1
9172	0	1
9173	0	2
9174	0	1
9175	0	1
9176	0	1
9177	0	2
9178	0	1
9179	0	1
9180	0	1
9181	0	1
9182	0	1
9183	0	1
9184	0	1
9185	0	2
9186	0	2
9187	0	1
9188	0	1
9189	0	1
9190	0	3
9191	0	1
9192	0	2
9193	0	1
9194	0	1
9195	0	1
9196	0	1
9197	0	1
9198	0	1
9199	0	1
9200	0	1
9201	0	1
9202	0	1
9203	0	1
9204	0	1
9205	0	2
9206	0	1
9207	0	1
9208	0	1
9209	0	1
9210	0	1
9211	0	2
9212	0	1
9213	0	1
9214	0	2
9215	0	2
9216	0	2
9217	0	2
9218	0	1
9219	0	1
9220	0	1
9221	0	1
9222	0	1
9223	0	2
9224	0	1
9225	0	1
9226	0	1
9227	0	3
9228	0	1
9229	0	1
9230	0	1
9231	0	1
9232	0	2
9233	0	1
9234	0	1
9235	0	1
9236	0	1
9237	0	2
9238	0	2
9239	0	1
9240	0	2
9241	0	1
9242	0	2
9243	0	1
9244	0	1
9245	0	2
9246	0	1
9247	0	1
9248	0	1
9249	0	1
9250	0	1
9251	0	2
9252	0	1
9253	0	1
9254	0	1
9255	0	1
9256	0	1
9257	0	1
9258	0	1
9259	0	1
9260	0	1
9261	0	1
9262	0	1
9263	0	2
9264	0	3
9265	0	1
9266	0	1
9267	0	2
9268	0	1
9269	0	2
9270	0	2
9271	0	1
9272	0	1
9273	0	1
9274	0	1
9275	0	1
9276	0	1
9277	0	2
9278	0	1
9279	0	2
9280	0	1
9281	0	1
9282	0	1
9283	0	1
9284	0	1
9285	0	1
9286	0	1
9287	0	2
9288	0	2
9289	0	1
9290	0	2
9291	0	1
9292	0	1
9293	0	1
9294	0	1
9295	0	1
9296	0	1
9297	0	2
9298	0	1
9299	0	2
9300	0	1
9301	0	1
9302	0	1
9303	0	1
9304	0	1
9305	0	1
9306	0	2
9307	0	2
9308	0	1
9309	0	1
9310	0	2
9311	0	1
9312	0	2
9313	0	1
9314	0	1
9315	0	1
9316	0	1
9317	0	1
9318	0	1
9319	0	1
9320	0	1
9321	0	1
9322	0	1
9323	0	1
9324	0	1
9325	0	1
9326	0	1
9327	0	2
9328	0	1
9329	0	1
9330	0	2
9331	0	1
9332	0	1
9333	0	1
9334	0	2
9335	0	1
9336	0	1
9337	0	1
9338	0	1
9339	0	1
9340	0	1
9341	0	1
9342	0	1
9343	0	2
9344	0	1
9345	0	1
9346	0	1
9347	0	1
9348	0	3
9349	0	2
9350	0	1
9351	0	1
9352	0	2
9353	0	1
9354	0	1
9355	0	1
9356	0	2
9357	0	1
9358	0	2
9359	0	2
9360	0	2
9361	0	1
9362	0	1
9363	0	2
9364	0	2
9365	0	1
9366	0	1
9367	0	1
9368	0	2
9369	0	1
9370	0	1
9371	0	1
9372	0	1
9373	0	2
9374	0	1
9375	0	2
9376	0	2
9377	0	1
9378	0	1
9379	0	1
9380	0	1
9381	0	1
9382	0	1
9383	0	2
9384	0	1
9385	0	1
9386	0	2
9387	0	1
9388	0	1
9389	0	1
9390	0	1
9391	0	1
9392	0	1
9393	0	2
9394	0	1
9395	0	1
9396	0	1
9397	0	1
9398	0	2
9399	0	1
9400	0	1
9401	0	2
9402	0	1
9403	0	1
9404	0	2
9405	0	1
9406	0	1
9407	0	1
9408	0	1
9409	0	1
9410	0	1
9411	0	1
9412	0	1
9413	0	1
9414	0	1
9415	0	1
9416	0	1
9417	0	1
9418	0	2
9419	0	2
9420	0	1
9421	0	2
9422	0	1
9423	0	1
9424	0	1
9425	0	1
9426	0	2
9427	0	1
9428	0	2
9429	0	1
9430	0	1
9431	0	1
9432	0	1
9433	0	1
9434	0	1
9435	0	1
9436	0	1
9437	0	1
9438	0	1
9439	0	1
9440	0	1
9441	0	2
9442	0	2
9443	0	1
9444	0	1
9445	0	3
9446	0	1
9447	0	1
9448	0	1
9449	0	1
9450	0	1
9451	0	1
9452	0	1
9453	0	1
9454	0	2
9455	0	1
9456	0	1
9457	0	1
9458	0	3
9459	0	1
9460	0	1
9461	0	2
9462	0	1
9463	0	1
9464	0	1
9465	0	1
9466	0	1
9467	0	2
9468	0	1
9469	0	1
9470	0	1
9471	0	1
9472	0	1
9473	0	1
9474	0	1
9475	0	1
9476	0	1
9477	0	1
9478	0	1
9479	0	1
9480	0	1
9481	0	1
9482	0	1
9483	0	1
9484	0	1
9485	0	1
9486	0	1
9487	0	1
9488	0	1
9489	0	1
9490	0	1
9491	0	1
9492	0	2
9493	0	2
9494	0	2
9495	0	1
9496	0	1
9497	0	1
9498	0	1
9499	0	2
9500	0	1
9501	0	1
9502	0	1
9503	0	1
9504	0	1
9505	0	1
9506	0	2
9507	0	2
9508	0	1
9509	0	1
9510	0	1
9511	0	2
9512	0	1
9513	0	1
9514	0	1
9515	0	1
9516	0	1
9517	0	1
9518	0	2
9519	0	1
9520	0	1
9521	0	1
9522	0	1
9523	0	1
9524	0	1
9525	0	2
9526	0	1
9527	0	1
9528	0	1
9529	0	2
9530	0	1
9531	0	1
9532	0	1
9533	0	2
9534	0	1
9535	0	1
9536	0	1
9537	0	1
9538	0	2
9539	0	1
9540	0	1
9541	0	1
9542	0	1
9543	0	1
9544	0	1
9545	0	1
9546	0	1
9547	0	1
9548	0	2
9549	0	2
9550	0	1
9551	0	1
9552	0	1
9553	0	1
9554	0	1
9555	0	1
9556	0	2
9557	0	1
9558	0	1
9559	0	2
9560	0	1
9561	0	1
9562	0	1
9563	0	2
9564	0	1
9565	0	2
9566	0	1
9567	0	2
9568	0	1
9569	0	1
9570	0	1
9571	0	2
9572	0	1
9573	0	1
9574	0	1
9575	0	1
9576	0	1
9577	0	1
9578	0	1
9579	0	1
9580	0	1
9581	0	1
9582	0	1
9583	0	1
9584	0	2
9585	0	1
9586	0	2
9587	0	1
9588	0	1
9589	0	1
9590	0	1
9591	0	1
9592	0	2
9593	0	1
9594	0	2
9595	0	1
9596	0	1
9597	0	2
9598	0	1
9599	0	1
9600	0	1
9601	0	1
9602	0	1
9603	0	1
9604	0	1
9605	0	1
9606	0	2
9607	0	1
9608	0	1
9609	0	1
9610	0	1
9611	0	1
9612	0	1
9613	0	1
9614	0	1
9615	0	1
9616	0	3
9617	0	1
9618	0	1
9619	0	1
9620	0	1
9621	0	2
9622	0	1
9623	0	2
9624	0	1
9625	0	1
9626	0	1
9627	0	2
9628	0	1
9629	0	2
9630	0	1
9631	0	2
9632	0	1
9633	0	1
9634	0	1
9635	0	1
9636	0	2
9637	0	1
9638	0	1
9639	0	1
9640	0	1
9641	0	2
9642	0	1
9643	0	1
9644	0	1
9645	0	1
9646	0	1
9647	0	1
9648	0	1
9649	0	1
9650	0	1
9651	0	1
9652	0	1
9653	0	1
9654	0	1
9655	0	1
9656	0	1
9657	0	1
9658	0	2
9659	0	1
9660	0	2
9661	0	1
9662	0	1
9663	0	1
9664	0	1
9665	0	1
9666	0	1
9667	0	1
9668	0	1
9669	0	2
9670	0	1
9671	0	1
9672	0	1
9673	0	1
9674	0	1
9675	0	2
9676	0	2
9677	0	1
9678	0	1
9679	0	2
9680	0	2
9681	0	1
9682	0	1
9683	0	1
9684	0	1
9685	0	1
9686	0	1
9687	0	1
9688	0	1
9689	0	1
9690	0	1
9691	0	2
9692	0	2
9693	0	1
9694	0	1
9695	0	1
9696	0	1
9697	0	1
9698	0	2
9699	0	1
9700	0	1
9701	0	1
9702	0	2
9703	0	1
9704	0	2
9705	0	1
9706	0	2
9707	0	2
9708	0	2
9709	0	1
9710	0	1
9711	0	1
9712	0	1
9713	0	1
9714	0	1
9715	0	1
9716	0	1
9717	0	1
9718	0	1
9719	0	2
9720	0	1
9721	0	1
9722	0	1
9723	0	1
9724	0	1
9725	0	2
9726	0	2
9727	0	2
9728	0	1
9729	0	1
9730	0	1
9731	0	1
9732	0	1
9733	0	2
9734	0	1
9735	0	1
9736	0	3
9737	0	1
9738	0	1
9739	0	2
9740	0	1
9741	0	1
9742	0	1
9743	0	1
9744	0	1
9745	0	2
9746	0	2
9747	0	1
9748	0	1
9749	0	1
9750	0	1
9751	0	1
9752	0	1
9753	0	1
9754	0	1
9755	0	1
9756	0	1
9757	0	1
9758	0	1
9759	0	1
9760	0	2
9761	0	1
9762	0	1
9763	0	2
9764	0	1
9765	0	1
9766	0	2
9767	0	2
9768	0	1
9769	0	1
9770	0	2
9771	0	2
9772	0	1
9773	0	1
9774	0	1
9775	0	1
9776	0	2
9777	0	1
9778	0	1
9779	0	1
9780	0	1
9781	0	1
9782	0	1
9783	0	1
9784	0	1
9785	0	1
9786	0	1
9787	0	1
9788	0	2
9789	0	1
9790	0	1
9791	0	1
9792	0	2
9793	0	1
9794	0	1
9795	0	1
9796	0	1
9797	0	2
9798	0	1
9799	0	1
9800	0	1
9801	0	1
9802	0	2
9803	0	1
9804	0	1
9805	0	1
9806	0	1
9807	0	1
9808	0	2
9809	0	1
9810	0	1
9811	0	1
9812	0	1
9813	0	1
9814	0	1
9815	0	1
9816	0	1
9817	0	1
9818	0	1
9819	0	1
9820	0	1
9821	0	1
9822	0	1
9823	0	1
9824	0	2
9825	0	1
9826	0	2
9827	0	1
9828	0	1
9829	0	1
9830	0	2
9831	0	1
9832	0	1
9833	0	1
9834	0	1
9835	0	1
9836	0	1
9837	0	1
9838	0	1
9839	0	2
9840	0	1
9841	0	1
9842	0	1
9843	0	2
9844	0	1
9845	0	1
9846	0	1
9847	0	2
9848	0	1
9849	0	1
9850	0	1
9851	0	1
9852	0	1
9853	0	1
9854	0	1
9855	0	2
9856	0	1
9857	0	2
9858	0	1
9859	0	1
9860	0	1
9861	0	1
9862	0	1
9863	0	2
9864	0	1
9865	0	1
9866	0	1
9867	0	1
9868	0	1
9869	0	1
9870	0	1
9871	0	1
9872	0	2
9873	0	1
9874	0	1
9875	0	1
9876	0	2
9877	0	1
9878	0	1
9879	0	2
9880	0	1
9881	0	1
9882	0	3
9883	0	1
9884	0	1
9885	0	2
9886	0	2
9887	0	2
9888	0	1
9889	0	1
9890	0	2
9891	0	1
9892	0	2
9893	0	1
9894	0	1
9895	0	1
9896	0	1
9897	0	2
9898	0	2
9899	0	2
9900	0	1
9901	0	1
9902	0	2
9903	0	1
9904	0	2
9905	0	1
9906	0	2
9907	0	1
9908	0	2
9909	0	1
9910	0	2
9911	0	1
9912	0	1
9913	0	1
9914	0	1
9915	0	1
9916	0	1
9917	0	1
9918	0	2
9919	0	2
9920	0	2
9921	0	2
9922	0	1
9923	0	1
9924	0	2
9925	0	2
9926	0	1
9927	0	1
9928	0	2
9929	0	1
9930	0	1
9931	0	1
9932	0	1
9933	0	1
9934	0	1
9935	0	1
9936	0	1
9937	0	1
9938	0	1
9939	0	1
9940	0	1
9941	0	1
9942	0	1
9943	0	2
9944	0	1
9945	0	1
9946	0	2
9947	0	1
9948	0	1
9949	0	2
9950	0	1
9951	0	1
9952	0	1
9953	0	1
9954	0	2
9955	0	2
9956	0	2
9957	0	1
9958	0	1
9959	0	1
9960	0	1
9961	0	1
9962	0	1
9963	0	1
9964	0	2
9965	0	2
9966	0	1
9967	0	1
9968	0	2
9969	0	1
9970	0	1
9971	0	1
9972	0	1
9973	0	1
9974	0	1
9975	0	1
9976	0	1
9977	0	1
9978	0	1
9979	0	1
9980	0	1
9981	0	1
9982	0	2
9983	0	1
9984	0	1
9985	0	1
9986	0	1
9987	0	1
9988	0	1
9989	0	1
9990	0	1
9991	0	1
9992	0	1
9993	0	1
9994	0	1
9995	0	3
9996	0	1
9997	0	1
9998	0	1
9999	0	1
10000	0	1
